A1,A2,A3,SG2,SG3,SG7,SG2-Range,SG2-Cycles,SG3-Range,SG3-Cycles,SG7-Range,SG7-Cycles
0.0001478505,-0.00041532225000000017,0.0004413307499999998,-0.06419700000000006,-0.0057645000000015045,-0.01894724999999653,2.0,998.5,2.0,989.5,2.0,961.0
0.0022520505,0.0006115777499999997,-0.0005036692500000001,-0.04319700000000637,-0.07296450000000121,-0.07564725000000294,4.0,12.0,4.0,0.5,4.0,0.0
-0.0020718495,-0.00043212225000000015,-8.06924999999974e-06,-0.051597000000001,0.15803550000000044,0.15745274999997605,6.0,0.0,6.0,0.0,6.0,0.0
0.0014876504999999998,-0.00014652225000000014,-0.00012566925,0.03450300000000084,0.07823550000000168,0.018852750000007745,8.0,0.0,8.0,0.0,8.0,1.0
0.0003662505000000001,0.0013570777499999998,-0.00065696925,0.02400300000000044,0.008935499999999763,-0.14914724999999862,10.0,0.0,10.0,0.0,10.0,0.0
-0.0018534494999999998,-0.00150312225,0.00010743074999999998,0.013503000000000043,-0.01836450000000056,0.10495274999999538,12.0,0.0,12.0,0.0,12.0,0.0
0.0015065505,0.00205217775,0.00010323074999999977,-0.030597000000000207,-0.06456449999999947,0.0419527500000072,14.0,0.0,14.0,0.0,14.0,0.0
0.00018565050000000016,0.0014452777499999998,0.00027123074999999995,0.08700299999999572,-0.16116449999999816,0.008352750000000242,16.0,0.0,16.0,0.0,16.0,0.0
0.0007484505000000002,-0.00287442225,-0.00037346924999999984,-0.05579699999999832,0.002635499999996682,0.02515274999998951,18.0,0.0,18.0,0.0,18.0,0.0
0.0010928505,0.0004582777499999998,8.85307499999999e-05,0.06390300000000337,-0.06666450000000168,0.09025274999999056,20.0,0.0,20.0,0.5,20.0,1.0
-0.0022377495,0.00118067775,-0.0006653692499999999,0.19410300000000547,-0.01836450000000056,0.020952749999992193,22.0,3.0,22.0,2.5,22.0,0.0
0.0016157504999999997,0.00035537774999999986,0.00032163074999999987,0.017703000000004465,0.07403549999999726,0.07975274999998305,24.0,0.0,24.0,0.0,24.0,0.0
0.0012083505000000001,-0.0001675222500000001,0.00061773075,-0.011697000000005175,-0.07926450000000074,0.08815275000000611,26.0,0.0,26.0,1.0,26.0,0.0
-0.0019983495,-0.0029479222500000003,-0.0015557692500000001,-0.015896999999995387,0.02363550000000103,0.08185275000002434,28.0,1.0,28.0,0.0,28.0,0.0
0.0014456504999999999,0.0002545777499999998,0.0008403307499999998,0.013503000000000043,0.05933549999999954,-0.023147249999993846,30.0,0.0,30.0,0.0,30.0,0.0
-0.0020487495,0.0025288777499999993,0.0001473307499999998,-0.0011969999999976721,-0.0057645000000015045,-0.05044724999999062,32.0,0.0,32.0,0.0,32.0,0.0
-0.0002847495,-0.00016332225000000012,-0.00047636925,0.1038029999999992,0.0950355000000016,0.05665275000001202,34.0,0.0,34.0,0.0,34.0,0.0
0.0012188504999999998,-0.0007639222500000002,0.00083403075,0.015602999999998701,-0.007864500000000163,0.09025274999999056,36.0,0.0,36.0,0.0,36.0,0.0
-0.0010323494999999999,-3.722250000000142e-06,0.0007080307500000002,-0.009596999999999412,0.011035499999998422,0.012552749999997559,38.0,0.0,38.0,0.0,38.0,0.0
-0.0006480494999999999,-0.0003082222500000002,-0.0004742692500000001,-0.08939700000000528,0.02363550000000103,0.004152750000002925,40.0,0.0,40.0,0.0,40.0,0.0
-0.0017085495,-0.00020952225000000027,0.00013683075000000015,-0.049497000000002345,0.027835499999998348,0.17425274999999374,42.0,0.0,42.0,0.0,42.0,0.0
0.0016472505,0.0024112777500000003,0.0003552307499999998,0.10590299999999786,-0.0015645000000006348,0.10705275000000825,44.0,0.0,44.0,0.0,44.0,0.0
0.0009122505000000001,-0.0022024222499999998,-0.00010256925000000014,-0.17969699999999733,0.17693549999999902,0.004152750000002925,46.0,0.0,46.0,0.0,46.0,0.0
-0.0026052494999999998,-0.0011986222500000002,0.0003552307499999998,-0.06419700000000006,-0.08766449999999892,-0.014747249999999212,48.0,0.0,48.0,0.0,48.0,0.0
-0.0001440495,0.00035327774999999975,-0.00094256925,0.05550299999999453,-0.041464500000000015,0.03985274999999433,50.0,0.0,50.0,0.0,50.0,0.0
0.0006161505,0.00147467775,0.0006471307500000001,0.003002999999999645,0.01733549999999795,-0.0987472500000024,,,,,,
-0.00025954949999999993,-0.0006715222500000002,0.0005127307499999999,-0.0725970000000018,0.02153549999999882,-0.03364725000000135,,,,,,
0.0012776505000000001,-0.0016144222500000002,-0.00044486924999999995,-0.15239700000000056,0.02363550000000103,0.1028527499999825,,,,,,
-0.0011478495,0.0003868777499999999,-0.0004049692500000001,0.06390300000000337,-0.03516450000000049,-0.07984725000000026,,,,,,
0.0007316505,0.0006094777499999998,8.433075000000012e-05,-0.03689700000000329,0.02993550000000056,0.09445274999998787,,,,,,
0.0004250505,0.00092027775,-0.0005477692500000001,-0.057897000000004084,0.07613549999999947,0.09235275000000343,,,,,,
-0.0002868495,-0.0006022222500000001,0.0005547307500000003,0.04290300000000258,-0.05826449999999994,-0.06304725000001099,,,,,,
-0.00018184949999999994,0.0014830777499999996,7.173075000000036e-05,0.06810300000000069,-0.009964499999998822,0.04405274999999165,,,,,,
0.0008177505,-0.0003082222500000002,-0.0008018692499999998,0.08910300000000149,0.09713549999999671,-0.06514724999999544,,,,,,
0.0009164504999999999,-0.00010032225000000021,0.0004497307500000002,-0.022196999999998468,0.042535499999999615,0.012552749999997559,,,,,,
0.00038935049999999996,0.0004540777499999998,-0.0006863692499999999,-0.013796999999996729,-0.12336450000000099,0.02515274999998951,,,,,,
0.0003767505000000002,0.0005044777499999997,-0.0003125692499999998,-0.15239700000000056,0.0929354999999994,-4.7250000022813765e-05,,,,,,
-0.00032674949999999994,-0.0009235222500000002,0.0005274307499999998,0.08490299999999706,0.008935499999999763,0.2015527499999905,,,,,,
0.0018026504999999996,-0.0005014222500000002,-0.00010256925000000014,0.05970299999999895,0.02573549999999969,0.010452750000013111,,,,,,
-0.0010680495,0.0020563777499999995,-0.0003755692500000004,-0.11039699999999897,0.013135500000000633,-0.08614725000001044,,,,,,
-0.0008013495,-0.0003880222500000001,0.0005904307500000003,0.05130299999999721,-0.06036450000000215,0.06505275000000665,,,,,,
0.00045445049999999997,-0.0005770222500000001,-0.00015296925000000006,0.011403000000001384,0.05303550000000001,0.09655275000000074,,,,,,
-0.0002154495,0.0010525777499999997,0.00039303075,-0.02849700000000155,0.027835499999998348,-0.10084724999998684,,,,,,
0.00012055050000000004,-0.00035442225000000016,0.00048963075,-0.17759699999999867,-0.06876450000000034,-0.012647249999986343,,,,,,
-0.0011310495,0.0008551777499999998,-0.00030206924999999973,0.0009030000000009863,0.14753550000000004,-0.008447249999989026,,,,,,
0.0004460505,-0.00036492225000000014,0.00016833075,-0.030597000000000207,-0.02256450000000143,-0.03574725000001422,,,,,,
-0.0007677494999999999,-0.0011587222500000001,0.0003657307499999999,-0.08099699999999643,-0.06036450000000215,-0.09664724999998953,,,,,,
0.00017935050000000006,0.00176657775,0.00018303074999999986,0.013503000000000043,0.05723549999999733,0.020952749999992193,,,,,,
9.745050000000007e-05,-0.00283242225,-0.00036506924999999985,0.14790299999999945,-0.014164500000003244,0.0671527499999911,,,,,,
-0.0007698494999999999,0.0021907777499999993,-0.00014036924999999987,0.003002999999999645,0.06563549999999907,0.18055275000000393,,,,,,
-0.0002217495,0.0014263777499999998,1.713074999999979e-05,-0.07469700000000046,-0.06666450000000168,0.014652750000010428,,,,,,
0.0003767505000000002,-0.00305082225,9.903074999999999e-05,-0.05579699999999832,0.0614354999999982,-0.056747250000000804,,,,,,
-0.00024064949999999996,0.0009223777500000001,-4.7969250000000005e-05,-0.049497000000002345,-0.007864500000000163,0.1658527499999991,,,,,,
-0.0010407494999999998,0.0019282777499999998,7.173075000000036e-05,0.10170300000000054,-0.08556450000000027,-0.029447250000004033,,,,,,
0.0007253505000000001,-0.00222762225,-0.00033146925000000034,0.06810300000000069,0.04043550000000096,0.07555274999998574,,,,,,
-0.00025114949999999994,0.0009601777499999998,0.00017673074999999998,0.06600300000000203,-0.03516450000000049,0.006252750000015794,,,,,,
0.0012881504999999998,0.00153347775,-0.0002663692500000001,0.11640299999999826,-0.08976450000000114,-0.004247250000020131,,,,,,
-0.0006207494999999999,-0.00250062225,8.013074999999991e-05,-0.032696999999998866,-0.10866449999999972,-0.06934724999999275,,,,,,
0.0002780505,0.00041837774999999976,-2.4869249999999715e-05,-0.11879700000000071,0.011035499999998422,0.06925275000000397,,,,,,
0.0006854505,0.0021613777500000004,-0.00037346924999999984,-0.02639700000000289,0.02153549999999882,0.04615275000000452,,,,,,
-0.0003456494999999999,-0.0007933222500000001,-0.00066326925,0.005102999999998303,0.04043550000000096,0.1868527500000141,,,,,,
0.0013028504999999997,0.00028817774999999996,0.0003972307500000002,0.06390300000000337,-0.08976450000000114,0.006252750000015794,,,,,,
0.0002129505,0.00013277774999999976,0.00011373074999999986,0.015602999999998701,0.027835499999998348,-0.004247250000020131,,,,,,
0.0003725505000000002,0.00076907775,-0.0005687692499999999,0.04290300000000258,-0.007864500000000163,0.020952749999992193,,,,,,
-0.0015993494999999999,0.00205217775,0.00013263074999999994,0.07440299999999667,0.10763549999999711,0.006252750000015794,,,,,,
0.0014813505,-0.0022549222500000002,0.00012843075000000016,-0.12299700000000513,0.027835499999998348,0.04615275000000452,,,,,,
3.0250500000000066e-05,-3.52222500000002e-05,-4.166925000000012e-05,0.013503000000000043,0.04043550000000096,-0.04834724999997775,,,,,,
-0.0026010494999999995,0.0015733777499999998,0.0006240307499999998,0.08490299999999706,0.07823550000000168,-0.010547250000001895,,,,,,
0.0017144505,-0.0004993222500000002,0.00019143074999999985,-0.049497000000002345,-0.09606450000000066,0.06295274999999378,,,,,,
0.0005447504999999999,-0.00020952225000000027,-0.00046586925000000013,0.16680299999999448,-0.041464500000000015,0.0020527500000184773,,,,,,
-0.0019248495,-8.352225000000002e-05,-0.0001970692500000001,-0.051597000000001,0.08453549999999765,-0.0987472500000024,,,,,,
0.0013553504999999997,8.447774999999972e-05,-0.00036716924999999996,-0.0053970000000020946,-0.007864500000000163,0.06925275000000397,,,,,,
-0.0005073495,0.00255197775,0.0003783307500000001,-0.02639700000000289,0.002635499999996682,-0.029447250000004033,,,,,,
-0.0009924495,-0.00154302225,-5.84692500000001e-05,-0.051597000000001,-0.12756450000000186,-4.7250000022813765e-05,,,,,,
0.0015989504999999998,-0.00128262225,7.80307499999998e-05,-0.013796999999996729,-0.13176449999999917,-0.06514724999999544,,,,,,
-0.0029055494999999996,0.0019345777499999996,-0.0007892692500000001,0.11010300000000228,-0.014164500000003244,-0.07984725000000026,,,,,,
0.0028169504999999997,0.00014117774999999975,0.00010323074999999977,-0.030597000000000207,0.06983549999999994,0.02935275000001525,,,,,,
-0.0002889495,0.0006871777499999996,-5.006925000000011e-05,0.011403000000001384,-0.012064500000001033,-0.07144725000000562,,,,,,
-0.0007803494999999999,-0.00022002225000000014,-0.0005645692500000001,-0.024297000000004232,-0.0372645000000027,-0.008447249999989026,,,,,,
0.0027749504999999997,0.0009454777499999995,-0.00040286925,-0.06419700000000006,-0.05196450000000041,0.11755275000001575,,,,,,
-0.0037077495,-0.0006337222500000002,-0.00013406925000000042,-0.0011969999999976721,0.05723549999999733,0.08815275000000611,,,,,,
0.0010193505000000002,0.00027347774999999966,0.0005127307499999999,0.03030300000000352,-0.07926450000000074,-0.1806472499999927,,,,,,
0.0012461504999999999,-9.822225000000032e-05,0.0004245307499999998,-0.12719699999999534,-0.12966450000000052,-0.1239472499999863,,,,,,
0.00012685050000000014,0.00163847775,-0.00029156925000000007,0.11640299999999826,0.006835500000001105,-0.03364725000000135,,,,,,
0.0005762505,-0.0001717222500000001,-0.0006779692499999999,0.040802999999996814,-0.02466450000000009,-0.06304725000001099,,,,,,
0.0011705505,-0.0013372222500000002,-0.00050576925,0.045003000000001236,-0.0918644999999998,-0.004247250000020131,,,,,,
-0.0022734494999999996,-0.0012721222500000002,-0.00159566925,0.015602999999998701,-0.033064499999998276,-0.008447249999989026,,,,,,
0.0004334505,0.0013192777499999996,0.0007962307500000002,-0.09359699999999549,-0.0057645000000015045,0.018852750000007745,,,,,,
0.0005510505,-0.00041322225000000007,0.00093063075,0.011403000000001384,0.18953549999999808,0.004152750000002925,,,,,,
0.0008156505000000001,0.0012100777499999998,-0.0003986692499999998,0.05130299999999721,-0.03516450000000049,-0.027347250000019585,,,,,,
-0.0020361495,-3.31222500000001e-05,-3.956925000000002e-05,0.011403000000001384,-0.01836450000000056,0.07345275000000129,,,,,,
0.0002213505,-0.00254052225,0.00027753075000000026,-0.01799700000000115,0.06353550000000041,-0.06724725000000831,,,,,,
0.0008597505000000001,0.0022285777499999994,-0.0004868692500000001,0.07440299999999667,-0.0372645000000027,0.03985274999999433,,,,,,
-0.0008748495,0.00013487774999999965,0.0003552307499999998,-0.024297000000004232,0.08033550000000034,0.010452750000013111,,,,,,
0.0018257504999999999,-0.00016122225000000023,0.0002943307499999998,0.021902999999994677,0.04043550000000096,-0.07774725000001581,,,,,,
-0.0022692495,-0.0009319222500000002,-0.00094676925,0.028202999999997758,0.008935499999999763,-0.012647249999986343,,,,,,
-0.00011884950000000003,-0.00158502225,0.0008151307499999999,0.11220300000000094,0.1286354999999979,0.04405274999999165,,,,,,
0.0012356504999999998,0.00115337775,8.223075000000002e-05,0.05550299999999453,0.027835499999998348,0.014652750000010428,,,,,,
-0.0013998495,0.0024763777499999997,-0.00017186925000000014,-0.02849700000000155,0.02573549999999969,0.09865274999998519,,,,,,
0.0013574504999999998,-0.00260772225,0.0006681307499999999,0.03030300000000352,0.10343549999999979,0.12805274999999483,,,,,,
-0.0011331495,-0.0015892222500000002,-0.00037346924999999984,-0.08519700000000086,0.03623550000000009,0.09655275000000074,,,,,,
0.00017095049999999985,0.0022432777499999997,-0.00131846925,-0.06419700000000006,0.027835499999998348,-0.06304725000001099,,,,,,
0.0006980505,0.00043517774999999996,0.0009621307500000003,-0.07889699999999777,0.03623550000000009,-0.07354724999999007,,,,,,
-0.0021096495,-0.0009088222500000002,0.00023343075000000022,-0.0032969999999963306,0.06563549999999907,-0.11764725000000453,,,,,,
0.0016766504999999998,0.0009181777499999999,-0.00100136925,-0.16709699999999827,-0.07296450000000121,-4.7250000022813765e-05,,,,,,
-0.0006039495,-0.00163332225,0.0005967307499999998,-0.0830970000000022,0.01733549999999795,-0.03784724999999867,,,,,,
-0.00015244949999999998,0.00166367775,0.0003720307499999998,-0.1922969999999964,-0.012064500000001033,-0.006347250000004578,,,,,,
0.0012776505000000001,-0.0002599222500000002,-0.00083126925,0.0261029999999991,0.004735499999998893,-0.05254725000000349,,,,,,
-0.003991249499999999,-0.0015577222500000002,0.00113013075,-0.024297000000004232,-0.09606450000000066,0.02725275000000238,,,,,,
0.004142050499999999,0.0014158777499999997,5.283074999999984e-05,0.10170300000000054,0.004735499999998893,-0.025247250000006716,,,,,,
-0.0018576495,-0.0012973222500000001,-0.0006548692500000001,-0.030597000000000207,0.02363550000000103,0.06085275000000934,,,,,,
-0.0034935495,-0.00199032225,0.0005631307499999998,-0.08939700000000528,-0.1695644999999999,0.11125275000000556,,,,,,
0.0034952505,0.0040303777499999995,0.00015993075,0.03450300000000084,0.05723549999999733,0.031452749999999696,,,,,,
-0.00026374950000000003,0.0001810777499999998,-5.84692500000001e-05,0.07650300000000243,-0.033064499999998276,0.004152750000002925,,,,,,
-0.0015132495,-0.00546372225,0.0007857307499999997,-0.09149700000000394,0.09713549999999671,0.08605274999999324,,,,,,
-0.0017064494999999998,0.0023293777499999993,-0.0006359692500000002,0.06810300000000069,-0.10866449999999972,-0.03364725000000135,,,,,,
0.0023045504999999996,-0.00012552225000000018,4.023075000000008e-05,-0.032696999999998866,-0.10866449999999972,-0.03574725000001422,,,,,,
-0.0011016494999999999,0.0017455777499999997,0.0010629307499999997,-0.12299700000000513,-0.007864500000000163,-0.027347250000019585,,,,,,
-0.0013851494999999998,-0.00098022225,-0.00028526924999999976,0.07440299999999667,0.03623550000000009,0.08185275000002434,,,,,,
0.0017501504999999995,-0.00411132225,-0.00053306925,-0.009596999999999412,-0.0036644999999992933,0.19105275000001143,,,,,,
-0.0027123495,0.00209837775,0.00012213074999999985,-0.022196999999998468,-0.07296450000000121,-0.056747250000000804,,,,,,
0.0031109505,0.0032134777500000006,0.0009180307499999998,-0.041097000000000605,-0.05826449999999994,0.03775275000000988,,,,,,
-0.0011310495,-0.00398952225,-0.0004154692500000002,0.12270300000000134,0.06983549999999994,0.05665275000001202,,,,,,
-0.0004422495,0.0014452777499999998,0.0007164307500000001,-0.08519700000000086,0.0614354999999982,-0.05044724999999062,,,,,,
-0.0009441495,7.607774999999974e-05,1.5030750000000117e-05,-0.0053970000000020946,0.01733549999999795,-0.025247250000006716,,,,,,
0.00038725050000000007,-0.00392232225,-0.0004301692500000001,-0.04739699999999658,-0.08556450000000027,0.048252749999988964,,,,,,
-0.0008370494999999999,0.00278507775,0.00011373074999999986,0.0009030000000009863,0.07193550000000215,-0.008447249999989026,,,,,,
0.0009101504999999998,0.00034907774999999976,0.00010323074999999977,0.047102999999999895,0.006835500000001105,0.02725275000000238,,,,,,
0.0021806505,-0.00243972225,-0.00017186925000000014,0.028202999999997758,-0.06666450000000168,-0.08194725000001313,,,,,,
-0.0027102495000000002,0.00211937775,0.0002922307499999997,0.11640299999999826,0.006835500000001105,-0.0315472500000169,,,,,,
0.0002108504999999999,-0.00098862225,-7.736925000000018e-05,0.05760300000000029,0.015235499999999291,0.1028527499999825,,,,,,
0.0024599504999999995,-0.0004762222500000002,0.0002943307499999998,-0.07679699999999912,-0.020464500000002772,0.050352750000001834,,,,,,
-0.0008916495,0.00212567775,0.00037623075,-0.10619700000000165,0.07613549999999947,0.033552750000012566,,,,,,
-0.0009819495,-0.00100122225,-0.0005036692500000001,-0.024297000000004232,-0.06036450000000215,0.004152750000002925,,,,,,
-3.4849499999999945e-05,-0.00208062225,-0.00081446925,-0.0053970000000020946,0.013135500000000633,0.02515274999998951,,,,,,
0.0022772505,0.0024595777499999997,0.00018303074999999986,0.02400300000000044,-0.041464500000000015,-0.06724725000000831,,,,,,
0.00017305049999999996,0.00035747774999999975,-0.00100976925,0.017703000000004465,0.006835500000001105,0.031452749999999696,,,,,,
-0.0002742494999999999,2.9877749999999807e-05,0.0003720307499999998,0.04290300000000258,-0.08766449999999892,-0.09664724999998953,,,,,,
-2.0149499999999967e-05,-0.0001087222500000002,2.3430750000000104e-05,-0.007497000000000753,0.10763549999999711,-0.06514724999999544,,,,,,
-0.0009798494999999998,0.00013487774999999965,-0.00039446925,-0.07679699999999912,0.05723549999999733,0.04405274999999165,,,,,,
0.0021659505,0.0009496777499999997,0.0002964307499999999,0.06810300000000069,-0.009964499999998822,0.11335275000001843,,,,,,
0.00017305049999999996,0.00036587774999999973,-0.0006296692500000001,-0.03899700000000195,0.11813550000000106,-0.0021472500000072614,,,,,,
-0.0005283495,-0.0012238222500000001,0.0001473307499999998,0.06810300000000069,0.03203549999999922,-0.12184725000000185,,,,,,
0.0004502505,0.00020207774999999976,0.0002271307499999999,-0.12299700000000513,0.0005354999999980237,0.02935275000001525,,,,,,
-0.0013641495,0.0010882777499999997,-0.00016976925000000004,-0.09989699999999857,0.027835499999998348,-0.1239472499999863,,,,,,
0.0023339505,-0.0008920222500000001,-0.00041966925,-0.032696999999998866,0.0005354999999980237,-0.14284724999998843,,,,,,
-0.0016308495,0.0003280777499999998,0.00013473075000000004,0.047102999999999895,0.12233549999999838,-0.04834724999997775,,,,,,
0.0011222504999999997,-0.0004573222500000001,9.483074999999978e-05,-0.09569700000000125,-0.0057645000000015045,-0.027347250000019585,,,,,,
0.0004901505,-0.00126582225,-0.0001844692499999999,-0.02849700000000155,-0.07086450000000255,-0.06724725000000831,,,,,,
-0.0024078495,0.00194927775,-0.00100346925,-0.04529699999999792,-0.020464500000002772,-0.13654725000000667,,,,,,
0.0024074505,-0.0011020222500000001,0.00013473075000000004,-0.11669700000000205,0.046735500000000485,-0.006347250000004578,,,,,,
0.0018257504999999999,0.0008740777499999998,-0.00030416925000000027,0.02400300000000044,0.06773549999999773,-0.12814724999998361,,,,,,
-0.0032688495,0.0003091777499999997,-0.0004616692499999999,-0.07889699999999777,-0.0015645000000006348,0.033552750000012566,,,,,,
0.0021071504999999996,-0.00208482225,9.903074999999999e-05,-0.05999700000000274,-0.01626449999999835,-0.07564725000000294,,,,,,
-0.0006438494999999999,-0.0003061222500000001,0.00025443075,0.0933029999999988,0.14753550000000004,0.1028527499999825,,,,,,
-0.0016959494999999997,0.00316727775,-0.0003209692499999998,-0.034796999999997524,0.05303550000000001,0.09235275000000343,,,,,,
0.0036632505000000004,0.0005905777499999999,-0.00018656925,-0.057897000000004084,0.02363550000000103,-0.0315472500000169,,,,,,
0.0008996505,-0.0009088222500000002,-0.00090896925,-0.12509699999999668,0.038335499999998746,0.02725275000000238,,,,,,
-0.0012843495,0.0028333777499999994,-0.0004133692500000001,-0.04319700000000637,0.1496354999999987,0.1196527500000002,,,,,,
-0.0002847495,-0.00333852225,-2.2769250000000043e-05,-0.0830970000000022,-0.03096450000000317,0.0020527500000184773,,,,,,
0.0012692505000000001,0.0003070777499999998,-0.00035036925,-0.034796999999997524,0.048835499999999143,0.023052750000005062,,,,,,
0.00011845050000000004,0.00322187775,-0.0006548692500000001,-0.16919700000000404,0.06983549999999994,-0.08824724999999489,,,,,,
-0.0006165494999999999,-0.0036220222500000007,6.753075000000015e-05,-0.08939700000000528,0.14543549999999783,-0.0315472500000169,,,,,,
0.0012146504999999996,-0.0004699222500000002,0.00082563075,-0.14189700000000016,0.11393549999999664,-0.06094724999999812,,,,,,
-0.0017610495,0.00246797775,-0.0006296692500000001,-0.041097000000000605,0.13283549999999877,0.016752749999994876,,,,,,
-0.0004905495,0.0011743777499999997,0.00054843075,-0.05369699999999966,0.2252354999999966,0.02725275000000238,,,,,,
0.0014834505,-0.00218982225,0.00027123074999999995,-0.009596999999999412,-0.033064499999998276,0.0419527500000072,,,,,,
4.2850500000000047e-05,0.0005653777499999998,-0.0005540692499999998,-0.11669700000000205,-0.05826449999999994,-0.039947250000011536,,,,,,
-0.0036972495,0.0009181777499999999,0.0002838307499999997,0.013503000000000043,-0.02466450000000009,-0.03364725000000135,,,,,,
0.0043709505,0.00108407775,0.00058413075,-0.08099699999999643,0.038335499999998746,-4.7250000022813765e-05,,,,,,
-0.0027375495,-0.0014758222500000002,-0.0007241692500000003,0.017703000000004465,0.082435499999999,0.0776527499999986,,,,,,
-0.0014964495,-0.0038614222499999996,0.00060093075,0.040802999999996814,0.12023549999999972,0.010452750000013111,,,,,,
0.0019916505,0.0052504777499999995,0.0002964307499999999,-0.09779699999999991,0.015235499999999291,0.04405274999999165,,,,,,
-0.0009378494999999999,-0.00156822225,-0.00064016925,-0.049497000000002345,-0.0015645000000006348,0.033552750000012566,,,,,,
0.0027602505,-0.00270642225,0.0010566307499999998,-0.1859970000000004,0.02993550000000056,0.11125275000000556,,,,,,
-0.0047514495,-0.0008773222500000001,0.00030693075,-0.08519700000000086,0.06983549999999994,0.006252750000015794,,,,,,
-7.474949999999999e-05,0.0003217777499999997,-0.0005036692500000001,-0.030597000000000207,-0.0918644999999998,0.02935275000001525,,,,,,
0.0024767504999999995,0.00111977775,0.0017034307499999997,-0.08729699999999951,-0.10866449999999972,0.05875274999999647,,,,,,
-0.00038764949999999996,0.0018526777499999999,0.00012633075000000006,-0.08729699999999951,0.004735499999998893,-0.09034725000000776,,,,,,
-0.0007887494999999999,-0.00470352225,-0.0011315692499999999,-0.15659699999999788,0.07403549999999726,0.02515274999998951,,,,,,
-0.0025212495,0.00037007774999999973,0.0008844307499999999,-0.14399699999999882,0.08873549999999852,-0.05044724999999062,,,,,,
0.00038935049999999996,0.0015754777499999999,-0.00063176925,-0.12509699999999668,0.11183550000000153,0.050352750000001834,,,,,,
0.0010760505,-0.0019336222500000002,-0.00014876924999999985,-0.1355970000000042,-0.0372645000000027,-0.008447249999989026,,,,,,
-0.0011037495,-8.772225000000002e-05,0.0014934307499999996,-0.04739699999999658,0.02363550000000103,0.02935275000001525,,,,,,
-0.0010092495,-0.0005707222500000002,-0.0001130692499999998,-0.062096999999994296,0.07613549999999947,0.023052750000005062,,,,,,
0.003266350499999999,-0.0015451222500000002,-0.0005435692499999999,-0.024297000000004232,0.05723549999999733,0.008352750000000242,,,,,,
-0.0062802495,-0.00184962225,0.0003027307499999998,-0.14609699999999748,0.20633550000000156,0.06295274999999378,,,,,,
0.0046439505,0.0012541777499999998,0.0006765307499999999,-0.05369699999999966,0.01943550000000016,0.014652750000010428,,,,,,
0.0010214504999999999,0.0005884777499999996,-2.9069249999999925e-05,-0.05579699999999832,0.13493550000000099,0.09235275000000343,,,,,,
-0.0048354495,-0.0027484222500000002,-8.576925000000016e-05,-0.05369699999999966,0.006835500000001105,0.0419527500000072,,,,,,
0.004625050499999999,-0.0006463222500000001,8.643074999999979e-05,-0.11669700000000205,0.0509354999999978,0.02515274999998951,,,,,,
-0.0036552495,-0.0008185222500000002,-8.996925000000038e-05,-0.015896999999995387,0.11813550000000106,-0.10294724999999971,,,,,,
0.0005636505,0.0015124777499999997,0.00024603075,-0.14399699999999882,0.1517355000000009,-0.012647249999986343,,,,,,
-0.0013326495,0.0008614777499999996,0.00098313075,-0.16499699999999962,-0.049864500000001755,0.050352750000001834,,,,,,
0.0010109505000000002,-0.0034792222500000004,-0.00035876924999999997,-0.18809699999999907,-0.05826449999999994,-0.04414724999998043,,,,,,
0.00020455050000000002,0.0012436777499999997,0.00035103075000000004,-0.11879700000000071,0.0005354999999980237,0.048252749999988964,,,,,,
-0.0021600495,0.0010252777499999996,-0.00013406925000000042,-0.1607969999999952,0.08033550000000034,0.1028527499999825,,,,,,
0.0013679505,-0.00283032225,0.0001662307499999999,-0.13349699999999842,-0.05616449999999773,0.07135274999998842,,,,,,
0.0017123504999999998,0.004586877749999999,2.5530749999999776e-05,-0.16709699999999827,0.06773549999999773,-0.11134724999999435,,,,,,
-0.0012444494999999999,-0.0011587222500000001,-0.00044486924999999995,-0.11669700000000205,0.06983549999999994,-0.03784724999999867,,,,,,
0.0020063505,-0.00597192225,-0.0001235692499999999,-0.09989699999999857,0.05723549999999733,0.018852750000007745,,,,,,
0.0009962505,0.00633617775,0.00041193075000000006,-0.10829700000000031,0.03203549999999922,0.12385274999999751,,,,,,
-0.0034788494999999997,0.0014116777499999995,-0.00047636925,-0.16289700000000096,-0.05826449999999994,-0.06304725000001099,,,,,,
0.0017921505,2.147774999999982e-05,0.00016413075000000022,-0.11039699999999897,0.05513549999999867,-0.014747249999999212,,,,,,
-0.0014817494999999998,-0.0019714222500000003,-0.00023066925000000005,-0.08519700000000086,0.06773549999999773,0.03565274999999701,,,,,,
0.0018026504999999996,-0.0004090222500000002,-0.0005015692500000002,-0.13349699999999842,0.06353550000000041,0.03985274999999433,,,,,,
-0.0018051495,0.00387287775,0.0005127307499999999,-0.08729699999999951,0.07403549999999726,-0.006347250000004578,,,,,,
0.0034994505,0.0017728777499999998,0.00026493075000000007,-0.2027970000000039,0.08453549999999765,0.012552749999997559,,,,,,
-0.0016413495,-0.00187902225,-0.00010676924999999992,-0.23219699999999932,0.06563549999999907,0.033552750000012566,,,,,,
-0.0035040494999999997,-0.00278622225,-0.0006170692500000001,-0.16709699999999827,0.027835499999998348,-0.04414724999998043,,,,,,
0.007499950499999999,0.0012436777499999997,-0.00023066925000000005,-0.1859970000000004,0.02153549999999882,-0.05044724999999062,,,,,,
-0.0014481494999999999,0.0008362777499999997,-0.0010496692500000001,-0.16289700000000096,0.12443550000000059,-0.11974724999998898,,,,,,
-0.0019626495,0.0018484777499999997,0.00076473075,-0.0830970000000022,0.0950355000000016,-0.042047249999995984,,,,,,
-0.0028824495,0.00085937775,-0.0009194692500000001,-0.14609699999999748,0.011035499999998422,-0.08194725000001313,,,,,,
0.0009269504999999998,-0.00451452225,8.433075000000012e-05,-0.27839699999999823,0.03623550000000009,-0.01894724999999653,,,,,,
0.0034658505,-0.00210162225,0.0003636307499999998,-0.24479699999999838,0.046735500000000485,-0.03364725000000135,,,,,,
0.0015653504999999998,0.00525677775,-2.9069249999999925e-05,-0.25109700000000146,0.1958354999999976,0.02935275000001525,,,,,,
-0.0019332495,0.0025561777500000002,0.00053163075,-0.17549700000000001,0.082435499999999,-0.12604724999999917,,,,,,
-0.0036426495,-0.0027925222500000003,-0.00013406925000000042,-0.20909699999999987,0.0005354999999980237,-0.08824724999999489,,,,,,
0.0008660504999999998,-0.0032020222500000004,0.0003741307499999999,-0.1397970000000015,0.02993550000000056,-0.06934724999999275,,,,,,
0.0023507505,-0.0007303222500000001,-0.0008711692500000001,-0.009596999999999412,0.06773549999999773,0.18475275000000124,,,,,,
-0.0008370494999999999,0.00570407775,0.0004413307499999998,-0.14399699999999882,0.14333549999999917,-0.1344472499999938,,,,,,
-0.0012129494999999998,-0.0009718222500000001,-0.0007430692500000001,-0.17759699999999867,0.07403549999999726,-0.09034725000000776,,,,,,
-0.0018471495,-0.00455022225,0.0009012307499999999,-0.12509699999999668,0.05933549999999954,-4.7250000022813765e-05,,,,,,
0.0046061504999999996,0.0007963777499999998,-0.0003293692499999998,-0.14399699999999882,0.16223549999999776,0.17845274999999106,,,,,,
-0.0001440495,0.0005800777499999996,-0.00145706925,-0.12299700000000513,0.04043550000000096,-0.054647250000016356,,,,,,
-0.0020487495,-0.00043212225000000015,0.00075633075,-0.1502970000000019,0.11393549999999664,0.0020527500000184773,,,,,,
0.0012797504999999998,0.0035578777499999997,0.00104193075,-0.05999700000000274,0.1412355000000005,0.02935275000001525,,,,,,
0.0006392504999999999,-0.0011587222500000001,-0.0005918692500000002,-0.14189700000000016,0.06353550000000041,-0.029447250000004033,,,,,,
-0.0021054495,-0.0025531222500000004,-0.00058766925,-0.08099699999999643,0.14753550000000004,0.016752749999994876,,,,,,
-0.0012759495,-0.00179292225,0.0011259307500000003,-0.09569700000000125,0.04043550000000096,-0.09034725000000776,,,,,,
0.007670050499999998,0.00488717775,-0.00082706925,-0.1397970000000015,0.12023549999999972,0.12385274999999751,,,,,,
-0.0026955495,0.00237557775,-0.0005813692500000003,-0.09359699999999549,0.15803550000000044,0.10705275000000825,,,,,,
-0.0058203495000000004,-0.00582072225,0.00070383075,-0.09359699999999549,0.03623550000000009,-0.027347250000019585,,,,,,
0.0064310505,-0.0007597222500000001,-0.00044696925000000027,-0.16919700000000404,-0.01836450000000056,0.016752749999994876,,,,,,
-0.0038085495,0.00458897775,0.00010743074999999998,-0.049497000000002345,0.1853354999999972,-0.03574725000001422,,,,,,
0.0055595505,0.0020458777499999994,0.0005589307500000001,0.013503000000000043,0.08873549999999852,-0.004247250000020131,,,,,,
-0.0021705494999999997,-0.0030424222500000002,-0.00144026925,-0.1397970000000015,0.004735499999998893,-0.029447250000004033,,,,,,
-0.0018093494999999998,-0.0013708222500000001,0.00055683075,-0.15239700000000056,0.06563549999999907,-0.1092472500000099,,,,,,
-0.0009084494999999999,0.00209837775,7.383075000000003e-05,-0.12089699999999937,0.03203549999999922,-0.09454725000000508,,,,,,
0.0009836505000000001,-4.572225000000008e-05,-3.116925000000003e-05,-0.19439700000000215,0.02573549999999969,-0.05044724999999062,,,,,,
0.0026426505,-0.0005266222500000001,0.0009747307499999996,-0.2384969999999953,0.06563549999999907,-0.03784724999999867,,,,,,
-0.0014964495,0.0005086777499999995,0.00047283074999999964,-0.19019699999999773,0.12023549999999972,0.02515274999998951,,,,,,
-0.0004065494999999999,-0.0012553222500000002,-0.00106646925,-0.17969699999999733,0.013135500000000633,-0.05884725000001367,,,,,,
-0.0044049495,-0.0005812222500000001,0.0001809307500000002,-0.18809699999999907,0.027835499999998348,0.004152750000002925,,,,,,
0.0040979505,0.0034276777499999992,0.00018933075000000018,-0.14189700000000016,0.0509354999999978,0.03985274999999433,,,,,,
0.00026965050000000003,0.0017959777499999996,-0.00115466925,-0.08729699999999951,-0.04776449999999954,0.07345275000000129,,,,,,
-0.0024897495,-0.00571362225,0.0009054307499999996,-0.051597000000001,-0.02256450000000143,0.012552749999997559,,,,,,
-0.0006858494999999999,0.0012184777499999998,0.0008508307499999999,-0.03689700000000329,0.004735499999998893,-0.05044724999999062,,,,,,
0.0004397505000000001,-0.0003166222500000002,-0.00040286925,-0.0830970000000022,0.011035499999998422,0.04615275000000452,,,,,,
0.0013700505,0.00488717775,0.0006219307499999997,-0.14609699999999748,0.13283549999999877,0.05455274999999915,,,,,,
-0.0032751495,-0.00461112225,-0.0004553692499999998,-0.06629699999999872,0.06773549999999773,-0.04414724999998043,,,,,,
0.0033293504999999998,-0.0013099222500000001,0.0008487307499999998,-0.227997000000002,0.12443550000000059,-0.07774725000001581,,,,,,
-0.0018093494999999998,-0.0003271222500000002,-0.0013604692499999999,-0.23429700000000508,0.0929354999999994,0.08185275000002434,,,,,,
0.0034175505,0.00435797775,0.00105243075,-0.11039699999999897,0.05513549999999867,-0.021047249999980977,,,,,,
-0.0012507495,0.0005695777499999998,-0.00127646925,-0.12089699999999937,-0.041464500000000015,0.1868527500000141,,,,,,
-0.0059127495,-0.00533562225,0.0012981307499999998,-0.2027970000000039,0.08453549999999765,0.06925275000000397,,,,,,
0.0036485505,0.00099167775,-0.00026426925,-0.2909969999999973,0.15593549999999823,0.0419527500000072,,,,,,
-0.0026913494999999997,-0.0010243222500000001,0.0008991307499999998,-0.10409700000000299,0.07823550000000168,0.02725275000000238,,,,,,
0.0030206505,0.0010735777499999999,-0.00013196924999999988,-0.13139699999999976,0.082435499999999,0.14905275000000984,,,,,,
7.01505e-05,0.0019387777499999994,-4.166925000000012e-05,-0.2552969999999988,0.08663549999999987,0.13225274999999215,,,,,,
-0.0035124494999999997,-5.202225000000018e-05,-0.00010046925000000003,-0.09149700000000394,0.07823550000000168,-0.03364725000000135,,,,,,
0.0073487505,-0.00460272225,-0.0001151692499999999,-0.05579699999999832,0.19373549999999895,0.05455274999999915,,,,,,
-0.0026304495,0.00036797774999999984,8.223075000000002e-05,-0.0830970000000022,-0.0015645000000006348,0.02725275000000238,,,,,,
-0.0020949494999999998,0.0005548777499999999,-0.0009236692500000001,-0.25739699999999743,0.12653549999999925,-0.06514724999999544,,,,,,
0.0052802505,0.00530507775,0.00232293075,-0.1502970000000019,0.09713549999999671,-0.042047249999995984,,,,,,
-0.0032730495,0.0001726777499999998,-0.00157256925,-0.21119699999999852,0.1286354999999979,0.014652750000010428,,,,,,
-0.00011464949999999993,-0.00525162225,-0.00016976925000000004,-0.2594970000000032,0.06563549999999907,-0.004247250000020131,,,,,,
0.0044696505,-0.0010264222500000002,-0.0005687692499999999,-0.051597000000001,0.01733549999999795,0.06505275000000665,,,,,,
-0.0046065494999999995,0.00211517775,-0.00024746925000000003,-0.14609699999999748,0.1286354999999979,0.02935275000001525,,,,,,
-0.0013242495,0.0025540777499999997,0.00018303074999999986,-0.07889699999999777,0.0929354999999994,0.07975274999998305,,,,,,
0.0024662505,0.0003091777499999997,0.0015291307500000001,-0.12509699999999668,0.14753550000000004,0.09235275000000343,,,,,,
0.0011348505,-0.00419952225,-0.0015074692499999999,-0.22379699999999758,0.06983549999999994,-0.06094724999999812,,,,,,
-0.0009441495,-0.0015346222500000001,0.00012633075000000006,-0.16919700000000404,0.14543549999999783,-0.054647250000016356,,,,,,
-0.0013788494999999999,0.00661757775,0.00097263075,-0.11039699999999897,0.002635499999996682,0.023052750000005062,,,,,,
-0.0015363495,0.0006073777499999999,-0.0017027692500000001,-0.02849700000000155,0.0509354999999978,0.09025274999999056,,,,,,
-0.0017295495,-0.00305082225,0.0003951307500000001,-0.06629699999999872,0.0614354999999982,0.05875274999999647,,,,,,
0.0007064505,-0.0038845222500000004,0.0009978307500000004,-0.06629699999999872,-0.05196450000000041,-0.06934724999999275,,,,,,
0.0012776505000000001,0.00491237775,-0.00011096925000000013,-0.02009699999999981,-0.014164500000003244,0.008352750000000242,,,,,,
-0.0034494495,0.0001663777499999997,0.00050643075,-0.05579699999999832,0.02993550000000056,-0.09244724999999221,,,,,,
-0.00035824949999999995,-0.00366402225,0.0011406307500000002,-0.05579699999999832,-0.05196450000000041,-0.014747249999999212,,,,,,
-0.0001377494999999999,-0.00027252225000000017,-0.00146546925,-0.09359699999999549,0.013135500000000633,0.006252750000015794,,,,,,
0.0015254505,0.00143057775,0.0024321307500000003,-0.0725970000000018,-0.0057645000000015045,-0.008447249999989026,,,,,,
-6.004949999999991e-05,-0.0011587222500000001,-0.00069266925,0.03240300000000218,-0.020464500000002772,0.06925275000000397,,,,,,
-0.0017820494999999997,-0.00228852225,0.00032793074999999975,-0.08519700000000086,0.0950355000000016,0.06085275000000934,,,,,,
-0.0014565494999999999,0.00214247775,-0.00018026925000000013,-0.08099699999999643,0.082435499999999,0.11125275000000556,,,,,,
0.0034091504999999994,0.0004666777499999998,0.00019983074999999984,-0.05579699999999832,0.03623550000000009,-0.004247250000020131,,,,,,
0.00045655049999999986,-0.00205752225,-0.00153476925,0.0828029999999984,0.034135499999997876,0.07555274999998574,,,,,,
-0.0038673495,-0.0004615222500000001,-0.00010466924999999981,-0.1502970000000019,0.002635499999996682,-0.10714724999999703,,,,,,
0.0029114505,0.00230837775,-0.0006779692499999999,-0.1922969999999964,-0.0015645000000006348,-0.01894724999999653,,,,,,
0.0021638505,-0.0012763222500000002,-0.00107066925,-0.12719699999999534,0.02153549999999882,-0.014747249999999212,,,,,,
-0.0016434495,0.0005086777499999995,0.00124983075,-0.03689700000000329,0.0614354999999982,0.08815275000000611,,,,,,
0.0008534505,0.0008047777499999998,-0.0001928692499999999,-0.032696999999998866,0.11393549999999664,-0.04414724999998043,,,,,,
0.003638050499999999,0.0019219777499999999,-0.00046796925,-0.227997000000002,-0.10656450000000106,-0.07354724999999007,,,,,,
-0.0005451494999999999,-0.00262452225,-0.00035036925,-0.11459699999999629,0.07823550000000168,0.13015274999997928,,,,,,
-0.0022713495,0.0008362777499999997,0.00036783075,-0.05999700000000274,-0.11076450000000193,0.014652750000010428,,,,,,
0.0035540505,-0.0009319222500000002,-0.00075356925,-0.09779699999999991,-0.05826449999999994,0.006252750000015794,,,,,,
-0.0017379495,0.00173507775,0.00021033074999999993,-0.10829700000000031,-0.07086450000000255,-0.054647250000016356,,,,,,
-0.0005094494999999999,-0.0008857222500000001,-8.786924999999984e-05,-0.15239700000000056,0.1286354999999979,0.14275274999999965,,,,,,
-0.0015930494999999998,-0.0004006222500000002,-0.00135836925,-0.1502970000000019,-0.01836450000000056,-0.11764725000000453,,,,,,
-0.0012360494999999999,-0.00184332225,0.0008970307500000001,-0.16709699999999827,0.10343549999999979,-0.07774725000001581,,,,,,
0.0040769505,0.0024448777500000003,0.00063663075,-0.07679699999999912,0.006835500000001105,0.18265274999998837,,,,,,
-0.0044658495,-0.00335952225,9.903074999999999e-05,-0.03899700000000195,0.0614354999999982,0.0020527500000184773,,,,,,
-0.0031071495,0.0019114777499999998,-0.0001361692500000001,-0.16289700000000096,0.07193550000000215,-0.06934724999999275,,,,,,
0.0027875505,0.00446717775,0.0006891307500000001,-0.10829700000000031,0.01943550000000016,-0.008447249999989026,,,,,,
0.0018803505,-0.00498702225,-0.0003755692500000004,-0.12719699999999534,-0.02466450000000009,-0.039947250000011536,,,,,,
-0.0043902495,-0.0007240222500000002,0.00080883075,0.1038029999999992,0.05303550000000001,0.05455274999999915,,,,,,
-0.0025569495,0.00319037775,-0.00042806925,-0.013796999999996729,-0.012064500000001033,-0.054647250000016356,,,,,,
0.0012818505,-0.00276732225,-0.00035876924999999997,-0.12299700000000513,0.013135500000000633,0.0419527500000072,,,,,,
0.0041105505,0.0008320777499999999,-0.00038396924999999993,0.015602999999998701,0.1601354999999991,-0.10714724999999703,,,,,,
-0.0011100494999999998,-0.0006169222500000002,3.8130749999999974e-05,-0.08939700000000528,0.05933549999999954,0.12805274999999483,,,,,,
-0.0014103494999999997,0.0001033777499999998,-0.00145916925,-0.034796999999997524,-0.01836450000000056,-0.027347250000019585,,,,,,
5.965050000000013e-05,0.00623327775,0.0012204307499999998,-0.07049700000000314,0.01733549999999795,0.10495274999999538,,,,,,
-0.0013431494999999998,-0.0017782222500000002,-0.00021806924999999986,-0.07049700000000314,-0.007864500000000163,0.03565274999999701,,,,,,
0.0032621505,-0.00399162225,-0.0008501692499999999,0.003002999999999645,0.07823550000000168,0.0776527499999986,,,,,,
0.0024515505,0.00386027775,-0.00103286925,-0.08519700000000086,0.0950355000000016,0.1196527500000002,,,,,,
-0.0012948495,0.00272417775,5.073074999999974e-05,-0.07889699999999777,0.0950355000000016,-0.004247250000020131,,,,,,
0.0019307505,0.0008068777499999999,-0.00020966924999999987,-0.21119699999999852,0.046735500000000485,0.050352750000001834,,,,,,
0.0010718505000000002,-0.00248592225,-0.0004175692499999999,-0.1397970000000015,-0.02466450000000009,0.0671527499999911,,,,,,
0.0022247504999999995,-0.0034393222499999997,-0.00124706925,-0.10409700000000299,-0.06876450000000034,0.03775275000000988,,,,,,
-0.0005766495,0.00355157775,-0.00023696924999999994,0.013503000000000043,-0.012064500000001033,-0.021047249999980977,,,,,,
0.0004166505,0.00351167775,0.00046233075,-0.18389700000000175,0.10973549999999932,0.05245274999998628,,,,,,
0.0008114504999999999,-0.0024208222500000003,-0.0012008692500000001,-0.06629699999999872,-0.10446449999999885,-0.004247250000020131,,,,,,
0.00025915049999999994,-0.00023682225000000022,-0.00015716924999999984,-0.0830970000000022,-0.033064499999998276,-0.006347250000004578,,,,,,
0.0010508505,-0.0010558222500000002,0.0009705307499999999,-0.041097000000000605,-0.03516450000000049,0.09655275000000074,,,,,,
3.2350499999999954e-05,-0.00191262225,-2.4869249999999715e-05,-0.009596999999999412,0.15593549999999823,-0.023147249999993846,,,,,,
-0.0028404495,0.00448817775,-0.00021596925000000019,-0.08939700000000528,0.01943550000000016,-0.027347250000019585,,,,,,
0.0005069505,2.357774999999971e-05,1.5030750000000117e-05,-0.011697000000005175,0.038335499999998746,0.04615275000000452,,,,,,
-0.0039261495,-0.0033448222500000006,0.00118053075,-0.024297000000004232,-0.043564500000002226,-0.06724725000000831,,,,,,
0.0011558505,0.00028817774999999996,0.0005988307499999999,-0.14189700000000016,-0.1716645000000021,0.004152750000002925,,,,,,
0.0030962504999999998,-0.0010810222500000001,-8.06924999999974e-06,0.003002999999999645,-0.0015645000000006348,0.12175274999998464,,,,,,
-0.004957249499999999,0.00020627774999999976,0.0001704307500000001,-0.057897000000004084,0.082435499999999,-0.1701472499999852,,,,,,
-0.0036300495,-0.0005644222500000002,0.00072273075,0.0009030000000009863,0.06563549999999907,0.09025274999999056,,,,,,
0.0024158505,-0.0028681222499999997,-0.00014036924999999987,0.011403000000001384,-0.07716450000000208,0.04615275000000452,,,,,,
-0.0003729494999999999,0.00172667775,0.00039933074999999986,-0.11669700000000205,-0.012064500000001033,0.008352750000000242,,,,,,
-0.0006690495,-0.0035674222499999996,0.0002922307499999997,0.0261029999999991,0.034135499999997876,-0.1092472500000099,,,,,,
-0.0007992494999999999,0.0009685777499999998,0.00156903075,-0.022196999999998468,0.038335499999998746,0.07555274999998574,,,,,,
0.0012734505,0.0029698777499999997,-0.00013196924999999988,-0.02639700000000289,0.08873549999999852,0.0671527499999911,,,,,,
0.0010529504999999997,-0.0020743222500000003,0.0008025307499999997,-0.02639700000000289,0.0929354999999994,-0.042047249999995984,,,,,,
0.0006140505000000002,-0.0025930222500000003,-0.00054146925,-0.09149700000000394,0.12443550000000059,0.05875274999999647,,,,,,
-0.0053205495,-0.00013392225000000016,-0.0019400692499999999,-0.11669700000000205,-0.033064499999998276,-0.04414724999998043,,,,,,
0.0142892505,0.009981777749999999,0.0024867307500000004,-0.12509699999999668,-0.0057645000000015045,0.05245274999998628,,,,,,
-0.011612149499999998,-0.0026035222500000003,-0.00290816925,-0.05369699999999966,0.18953549999999808,0.10495274999999538,,,,,,
-0.0095751495,-0.01193592225,-0.00168386925,-0.15239700000000056,0.12233549999999838,-0.15964725000000612,,,,,,
-0.0033087495,0.00138647775,0.0036942307499999998,-0.18809699999999907,-0.02466450000000009,-0.0021472500000072614,,,,,,
0.0455309505,0.02003027775,-0.00027686924999999977,0.003002999999999645,-0.041464500000000015,0.02935275000001525,,,,,,
-0.017609749499999997,-0.009806522250000001,-0.00564656925,0.05340299999999587,0.13073550000000012,0.07135274999998842,,,,,,
-0.021740449499999998,-0.01092372225,0.00225573075,-0.10619700000000165,0.11183550000000153,-0.07354724999999007,,,,,,
-0.0007383495,-0.00290172225,0.0027429307499999994,-0.09779699999999991,0.09713549999999671,0.04405274999999165,,,,,,
0.010662550500000001,0.00522317775,0.0019869307499999996,-0.011697000000005175,0.07193550000000215,0.04405274999999165,,,,,,
0.021296950499999998,0.009316077749999999,-0.00091736925,0.09540300000000457,0.034135499999997876,-0.10084724999998684,,,,,,
-0.0094092495,0.00631727775,-0.00233696925,0.05760300000000029,-0.020464500000002772,0.03985274999999433,,,,,,
-0.0201003495,-0.01010892225,0.0015732307500000002,-0.2027970000000039,0.01943550000000016,-0.014747249999999212,,,,,,
-0.0117738495,-0.01625352225,0.0006702307499999996,-0.14399699999999882,0.0950355000000016,0.1196527500000002,,,,,,
0.0249089505,0.00905567775,-0.0008165692500000001,-0.09779699999999991,0.04043550000000096,-0.0462472499999933,,,,,,
0.0116327505,0.009656277749999997,-0.00374816925,0.005102999999998303,-0.02256450000000143,-0.03574725000001422,,,,,,
-0.014306449499999999,0.00382667775,0.0063381307500000005,0.03240300000000218,0.06773549999999773,0.0671527499999911,,,,,,
-0.0117171495,-0.00649902225,-0.00102236925,-0.013796999999996729,-0.026764499999998748,0.06505275000000665,,,,,,
0.0097826505,-0.00352752225,-0.0014906692499999999,0.00930299999999562,0.06353550000000041,0.020952749999992193,,,,,,
0.0089132505,0.0007417777499999999,-0.00168596925,0.00930299999999562,-0.22416450000000054,0.02935275000001525,,,,,,
-0.0087666495,-0.0012763222500000002,0.00265053075,-0.10409700000000299,-0.007864500000000163,0.11335275000001843,,,,,,
-0.009892249499999999,0.008427777749999999,0.00351573075,-0.04739699999999658,0.13493550000000099,0.10495274999999538,,,,,,
0.004152550499999999,0.0013990777499999997,-0.0003755692500000004,0.011403000000001384,0.16853550000000084,0.05455274999999915,,,,,,
0.0068636504999999995,-0.01251132225,-0.00561086925,-0.03689700000000329,0.011035499999998422,0.016752749999994876,,,,,,
-0.0011415495,-0.00549522225,0.0015753307499999998,-0.06629699999999872,0.09923549999999892,0.09655275000000074,,,,,,
-0.009701149499999999,0.014020077749999998,-0.0004994692499999999,-0.01799700000000115,0.14543549999999783,0.07555274999998574,,,,,,
0.0073697504999999984,0.0043684777499999996,-0.00098666925,0.019802999999996018,-0.01836450000000056,0.0776527499999986,,,,,,
-0.0024057494999999997,-0.00193992225,-0.00319376925,-0.06419700000000006,-0.009964499999998822,-0.15334724999999594,,,,,,
0.0009941505000000002,-0.00713952225,0.00222843075,0.047102999999999895,0.08033550000000034,0.08605274999999324,,,,,,
0.0116873505,0.0012100777499999998,0.0030306307499999995,-0.0011969999999976721,-0.08766449999999892,0.1553527499999916,,,,,,
-0.012578149499999998,0.00710267775,0.002927730749999999,0.028202999999997758,-0.0372645000000027,0.0419527500000072,,,,,,
0.0017858504999999996,-0.00848142225,-0.00335336925,-0.057897000000004084,0.0929354999999994,0.13435275000000502,,,,,,
-0.0005136495,-0.0015808222500000003,0.0007878307500000003,-0.02639700000000289,0.16433549999999997,0.016752749999994876,,,,,,
0.0076469504999999985,0.0021172777499999995,-0.0003902692499999998,-0.0011969999999976721,0.21263549999999753,0.03985274999999433,,,,,,
0.00016045049999999998,0.008274477749999998,-0.00105176925,0.07860300000000109,0.06983549999999994,0.14695274999999697,,,,,,
-0.0015468495,0.0009664777499999997,-0.00122396925,0.07020299999999935,-0.043564500000002226,0.02515274999998951,,,,,,
-0.0066855495,-0.01305312225,-0.00134156925,0.11640299999999826,0.046735500000000485,0.06295274999999378,,,,,,
-0.0052218494999999995,0.00392117775,-0.00037976925000000016,0.06600300000000203,0.14753550000000004,0.14905275000000984,,,,,,
0.0030899505,0.008383677749999999,0.00150813075,0.005102999999998303,0.02993550000000056,-0.004247250000020131,,,,,,
0.0179747505,-0.00241872225,0.0018084307499999998,-0.08939700000000528,-0.026764499999998748,0.0020527500000184773,,,,,,
-0.005744749499999999,0.0027976777499999998,-0.00150116925,-0.08729699999999951,0.06353550000000041,-0.01894724999999653,,,,,,
-0.015534949499999997,-0.00459012225,-0.0014780692500000001,0.00930299999999562,0.011035499999998422,0.023052750000005062,,,,,,
0.0011096505,-0.00264972225,-0.0006149692499999998,-0.02009699999999981,-0.054064500000002624,-0.11764725000000453,,,,,,
0.0202889505,0.0013423777499999999,-0.00170906925,0.09750300000000323,0.10133550000000113,0.018852750000007745,,,,,,
-0.0033906495,0.00798047775,0.00103563075,0.038702999999998156,-0.04776449999999954,0.018852750000007745,,,,,,
-0.0086091495,0.00219707775,0.00088653075,0.11220300000000094,-0.07086450000000255,0.050352750000001834,,,,,,
-0.0084453495,-0.007475522249999999,-0.00272966925,-0.06419700000000006,0.004735499999998893,-0.07564725000000294,,,,,,
0.0104231505,-0.00893082225,0.00049803075,0.0009030000000009863,-0.02466450000000009,0.06505275000000665,,,,,,
0.011151850500000001,0.011514777749999998,0.0005379307499999999,0.015602999999998701,0.05723549999999733,0.03775275000000988,,,,,,
0.0018488504999999997,0.007232877750000001,0.0011343307499999998,0.040802999999996814,0.027835499999998348,-0.06724725000000831,,,,,,
-0.0175005495,-0.0073285222499999995,0.0006219307499999997,-0.09149700000000394,0.015235499999999291,-0.05044724999999062,,,,,,
-0.0061458495,-0.00920592225,0.0019659307500000003,-0.12089699999999937,-0.0036644999999992933,0.1028527499999825,,,,,,
0.0239009505,0.009240477749999998,-0.00438656925,-0.007497000000000753,0.05513549999999867,-0.07984725000000026,,,,,,
0.0078821505,0.014129277749999999,-0.00164186925,-0.12299700000000513,0.14333549999999917,-0.07144725000000562,,,,,,
-0.0125592495,-0.014544122250000001,-0.00131426925,-0.013796999999996729,0.12233549999999838,-0.021047249999980977,,,,,,
-0.014022949499999998,-0.013546622250000001,0.003354030749999999,-0.04529699999999792,0.06773549999999773,-0.042047249999995984,,,,,,
0.006095050499999999,0.013043577749999999,-2.2769250000000043e-05,-0.041097000000000605,0.08873549999999852,0.09445274999998787,,,,,,
0.013745350500000001,0.01266977775,0.0003825307499999999,0.14160300000000348,-0.054064500000002624,-0.07564725000000294,,,,,,
-0.010801549499999999,-0.01592802225,-0.00245456925,0.045003000000001236,0.0929354999999994,0.04615275000000452,,,,,,
0.0026384504999999994,-0.02065512225,0.00012843075000000016,-0.02009699999999981,0.03203549999999922,0.04615275000000452,,,,,,
-0.0012129494999999998,0.014022177749999996,0.0018882307499999995,-0.013796999999996729,0.044635499999998274,-0.012647249999986343,,,,,,
-0.0024309495,0.01597937775,0.00056733075,-0.08729699999999951,-0.14226450000000312,0.08815275000000611,,,,,,
-0.0007887494999999999,-0.00741252225,0.00019143074999999985,0.06390300000000337,0.048835499999999143,0.10495274999999538,,,,,,
-3.064949999999995e-05,-0.01959672225,-0.00091316925,-0.14819700000000324,0.05513549999999867,0.05875274999999647,,,,,,
0.0009647505000000002,-0.00262242225,0.0026589307499999995,-0.07889699999999777,0.08453549999999765,-0.06934724999999275,,,,,,
-0.0036720495,0.016758477749999997,0.0021192307499999998,-0.06419700000000006,-0.13386450000000139,-0.03364725000000135,,,,,,
-0.0075339495000000005,-9.612225000000022e-05,-0.00161246925,-0.06629699999999872,0.048835499999999143,0.004152750000002925,,,,,,
0.0089951505,-0.01222362225,0.0007185307499999998,-0.009596999999999412,0.06563549999999907,-0.023147249999993846,,,,,,
0.0068909505,0.011023377749999999,0.00143253075,0.1353030000000004,-0.03936450000000136,0.12385274999999751,,,,,,
0.008453350500000002,-0.0022024222499999998,-0.004544069249999999,0.03450300000000084,-0.02886450000000096,0.12385274999999751,,,,,,
-0.0220890495,-0.01960512225,-0.00331976925,0.038702999999998156,0.09083549999999718,-0.029447250000004033,,,,,,
-0.0118368495,-0.0018034222500000001,0.007211730750000001,-0.14189700000000016,-0.026764499999998748,0.09865274999998519,,,,,,
0.0106205505,0.015630777749999998,0.00839613075,-0.11879700000000071,-0.10236450000000374,0.14905275000000984,,,,,,
0.0237749505,0.011798277749999999,-0.00415136925,0.06390300000000337,0.027835499999998348,0.08605274999999324,,,,,,
-0.007859449499999999,-0.00837642225,-0.0047372692499999995,0.1038029999999992,0.1706354999999995,0.016752749999994876,,,,,,
-0.0158226495,-0.01648452225,-0.00195686925,-0.09149700000000394,-0.02256450000000143,-0.008447249999989026,,,,,,
-0.0032772495,0.00391067775,0.0015732307500000002,-0.16289700000000096,-0.012064500000001033,0.07345275000000129,,,,,,
0.0077057505,0.01248287775,-0.00053306925,0.019802999999996018,0.013135500000000633,0.12175274999998464,,,,,,
0.0138083505,0.011546277749999998,-0.0007724692500000001,0.0366029999999995,0.034135499999997876,0.1028527499999825,,,,,,
-8.314949999999998e-05,-0.0015136222500000001,0.00264003075,-0.034796999999997524,0.07613549999999947,0.0671527499999911,,,,,,
-0.024504049499999996,-0.02236872225,0.0033372307499999992,-0.20489700000000255,-0.07086450000000255,-0.06304725000001099,,,,,,
-0.0071244495,-0.00813492225,0.00272823075,-0.04529699999999792,0.0950355000000016,-0.023147249999993846,,,,,,
0.0207719505,0.02255027775,-0.00436976925,0.005102999999998303,0.015235499999999291,-0.07144725000000562,,,,,,
0.0114983505,0.013780677749999998,-2.4869249999999715e-05,0.0366029999999995,-0.11706450000000146,0.06505275000000665,,,,,,
-0.0075486495,-0.01341642225,-0.00196736925,0.04290300000000258,-0.03516450000000049,-0.09664724999998953,,,,,,
-0.012846949499999998,-0.01305522225,-0.00350246925,-0.10409700000000299,0.18953549999999808,0.10075274999999806,,,,,,
0.0003620504999999999,0.008077077749999998,-0.0009362692499999999,0.013503000000000043,0.19793549999999982,0.0776527499999986,,,,,,
0.0083147505,0.014910477749999998,0.00100833075,-0.14399699999999882,-0.10026450000000153,-0.03364725000000135,,,,,,
0.005941750500000001,-0.004867322249999999,0.00475683075,-0.07679699999999912,-0.007864500000000163,0.19105275000001143,,,,,,
-0.0121497495,-0.015182522250000002,0.0009915307499999996,0.05340299999999587,-0.0372645000000027,0.05875274999999647,,,,,,
0.0095348505,0.00431597775,-0.00048056925,-0.07469700000000046,-0.02886450000000096,-4.7250000022813765e-05,,,,,,
0.0059207504999999995,0.00548987775,-0.0030005692499999997,-0.032696999999998866,0.048835499999999143,0.012552749999997559,,,,,,
-0.0130884495,0.00877847775,0.00210663075,-0.062096999999994296,-0.02256450000000143,-0.0462472499999933,,,,,,
0.004337350499999999,-0.00348132225,-0.00091316925,0.017703000000004465,-0.0834645000000016,-0.07774725000001581,,,,,,
-0.0019059494999999998,-0.00694842225,-0.00195686925,-0.049497000000002345,-0.10866449999999972,0.1763527500000066,,,,,,
-0.0018387495,-0.00811602225,-0.00453356925,0.005102999999998303,-0.009964499999998822,0.010452750000013111,,,,,,
0.0036506505,0.00569777775,0.00338763075,0.03450300000000084,0.08453549999999765,0.05665275000001202,,,,,,
-0.0035733494999999997,0.00564107775,0.003939930749999999,-0.13139699999999976,-0.04776449999999954,-0.025247250000006716,,,,,,
-0.010257649499999999,-0.00313902225,0.00410163075,-0.02639700000000289,-0.045664500000000885,-0.03784724999999867,,,,,,
0.011914150500000002,-0.01427322225,-0.00255956925,0.0261029999999991,-0.02466450000000009,0.08605274999999324,,,,,,
0.023711950500000002,0.0025267777499999996,0.00363123075,0.040802999999996814,-0.020464500000002772,-0.025247250000006716,,,,,,
0.0006392504999999999,0.00727067775,-0.00018656925,-0.051597000000001,0.16853550000000084,-0.01894724999999653,,,,,,
-0.0216564495,0.00643067775,-0.009638669249999999,-0.18809699999999907,0.1958354999999976,-0.004247250000020131,,,,,,
-0.10615204949999998,-0.0006862222500000002,-0.0004616692499999999,-0.31829699999999406,0.13283549999999877,0.014652750000010428,,,,,,
0.1966469505,-0.03715272225,0.01335843075,-0.19019699999999773,0.05513549999999867,-0.03784724999999867,,,,,,
-0.036726049499999996,0.08492027775,-0.00789986925,-0.007497000000000753,0.034135499999997876,-0.012647249999986343,,,,,,
-0.18141604949999998,-0.09866172224999999,-0.01195916925,-0.1355970000000042,0.07613549999999947,0.16375275000001466,,,,,,
0.1542899505,-0.042423722250000004,-0.01443926925,-0.3770969999999991,0.12023549999999972,0.26035274999998137,,,,,,
0.026966950499999996,0.06024527774999999,0.021569430749999997,-0.42329699999999804,-0.02256450000000143,0.3485527500000103,,,,,,
-0.05411404949999999,-0.03641772225,0.00878883075,-0.3308970000000002,0.11393549999999664,0.26665275000002,,,,,,
-0.0241470495,-0.08343672224999998,0.026168430750000003,-0.31829699999999406,0.1517355000000009,0.24775274999998942,,,,,,
-0.0705360495,-0.02858472225,0.00932223075,-0.7277970000000025,0.20423549999999935,0.26665275000002,,,,,,
0.07490995049999999,-0.01681212225,0.0076800307500000005,-0.7865970000000004,-0.05616449999999773,0.2834527499999808,,,,,,
0.0165278505,-0.00784092225,0.0030810307499999994,-0.456897000000005,-0.0372645000000027,0.3359527499999899,,,,,,
-0.09309004950000001,-0.11449572224999999,-0.00552686925,-0.17759699999999867,0.05513549999999867,0.3170527500000162,,,,,,
-0.024273049499999998,0.04504127775,0.02570643075,-0.25109700000000146,0.07823550000000168,0.14275274999999965,,,,,,
-0.013256449499999998,0.13693727775,0.021275430749999998,-0.16289700000000096,0.05723549999999733,-0.07354724999999007,,,,,,
0.1142639505,0.04029527775,-0.00638156925,-0.15869699999999654,0.004735499999998893,-0.11764725000000453,,,,,,
0.1358729505,0.00362297775,-0.01376726925,-0.05579699999999832,0.034135499999997876,0.02725275000000238,,,,,,
-0.06215704949999999,0.0018400777499999997,-0.014563169249999999,-0.04319700000000637,0.30293550000000025,-0.14284724999998843,,,,,,
-0.1720290495,-0.02679972225,-0.04546256925,-0.3056970000000021,0.22103549999999927,-0.06094724999999812,,,,,,
0.1687169505,-0.01180362225,-0.014596769249999999,-0.43799700000000286,-0.29136450000000025,-0.0987472500000024,,,,,,
0.0043835505,-0.08177772224999999,0.00060093075,-0.3161970000000025,-0.7911645000000007,-0.09454725000000508,,,,,,
-0.2660670495,-0.11695272224999999,0.013219830750000001,0.045003000000001236,-0.1716645000000021,0.06295274999999378,,,,,,
0.0219689505,0.09752027775,0.0008802307500000001,0.12900300000000442,0.41003549999999933,-0.11764725000000453,,,,,,
0.1251209505,0.27394127775,0.01078593075,-0.12089699999999937,0.6095354999999962,-0.3633472500000039,,,,,,
0.2095829505,0.16581227775000001,0.049982430749999994,-0.44849699999999615,0.43943550000000187,-0.5418472499999893,,,,,,
-0.0568020495,-0.00937182225,0.04532043075,-0.605996999999995,-0.19476450000000156,-0.5481472499999995,,,,,,
-0.08242204950000001,-0.19755072225,-0.02515556925,-0.21329699999999718,-0.34806449999999955,-0.38644725000000335,,,,,,
0.010486150500000001,0.00969827775,-0.07276256925,0.18360299999999796,-0.4866645000000034,-0.30874724999998193,,,,,,
-0.06654604950000001,0.01388777775,-0.09647156925,0.0261029999999991,-0.4299645000000005,-0.24784725000000662,,,,,,
-0.13695904949999999,-0.14580672225,-0.05249756925,-0.1292970000000011,0.2756354999999999,-0.23734724999999912,,,,,,
0.1094129505,0.13763027775,0.07915143074999999,-0.34979699999999525,0.412135499999998,-0.34024725000000444,,,,,,
0.09819895049999999,0.29053127775,0.09059643075,-0.3056970000000021,0.22313550000000149,-0.41584724999998457,,,,,,
-0.0322530495,0.07901927774999999,0.01764663075,-0.1922969999999964,-0.26196450000000127,-0.15964725000000612,,,,,,
0.1429499505,-0.27016872225,-0.04976756925,0.0366029999999995,-0.3879645000000025,-0.12814724999998361,,,,,,
-0.060960049499999995,-0.23320872224999997,-0.06881456925000001,0.045003000000001236,-0.46776450000000125,-0.10714724999999703,,,,,,
-0.0981090495,0.07442027775,-0.018053369249999996,0.04920300000000566,-0.3606644999999986,0.048252749999988964,,,,,,
0.07948795049999999,0.16308227775,0.054014430749999995,-0.12719699999999534,-0.0813644999999994,-0.012647249999986343,,,,,,
-0.007941349499999998,-0.08517972224999999,0.06417843075,-0.26159700000000186,0.04043550000000096,-0.023147249999993846,,,,,,
0.0006833505,-0.12936372225,0.039167430749999996,-0.32459699999999714,-0.25146450000000087,-0.17434724999998252,,,,,,
-0.1101210495,0.03275627775,-0.022921169249999998,-0.3098969999999994,-0.19896450000000243,-0.28144724999998516,,,,,,
-0.036621049499999996,0.009727677749999998,-0.04119956925,0.03450300000000084,-0.2388645000000018,-0.5628472500000044,,,,,,
0.10672495049999998,0.08286227775,-0.00908426925,0.22560299999999955,-0.3144644999999997,-0.6069472500000188,,,,,,
-0.0329040495,-0.00890772225,-0.018517469249999998,0.177303000000002,-0.33336450000000184,-0.4263472499999921,,,,,,
-0.0082752495,-0.08490672224999998,0.01511823075,-0.02849700000000155,-0.07926450000000074,-0.27724724999998784,,,,,,
0.07373395049999999,0.03641027775,0.03618543075,-0.16709699999999827,0.01733549999999795,-0.26254725000001145,,,,,,
-0.08103604950000001,-0.03465372225,0.00820713075,-0.24689700000000414,-0.02466450000000009,-0.4977472500000033,,,,,,
0.0221789505,-0.007097522249999999,-0.02057966925,0.10590299999999786,-0.20316449999999975,-0.9177472500000192,,,,,,
0.010129150500000001,0.02962727775,-0.00396026925,0.3474029999999999,-0.3753644999999999,-1.054247250000003,,,,,,
-0.011362249499999998,0.08937227774999999,-0.032379569250000004,0.20670300000000452,-0.28296450000000206,-0.9765472500000101,,,,,,
0.0082139505,0.07757027775,-0.01605626925,0.047102999999999895,-0.17376450000000077,-0.7812472499999785,,,,,,
0.0470429505,0.02761127775,-0.00339116925,0.021902999999994677,-0.03096450000000317,-0.6594472499999995,,,,,,
0.013436650500000001,-0.08799372224999999,-0.00169226925,0.019802999999996018,-0.15486450000000218,-0.7203472500000032,,,,,,
0.008873350500000002,-0.00503322225,0.005006730749999999,0.09540300000000457,-0.19896450000000243,-0.9765472500000101,,,,,,
-0.0402120495,0.07070327775,0.00138633075,0.31380300000000005,-0.3081645000000002,-1.0647472500000106,,,,,,
-0.0847320495,0.07259327775,-0.00424166925,0.1038029999999992,-0.32286450000000144,-0.726647249999985,,,,,,
0.06688795049999999,0.03806927775,-0.012870569249999998,0.09960300000000188,-0.16536450000000258,-0.5670472500000017,,,,,,
0.025811950500000003,-0.07640172225,-0.02368556925,0.07650300000000243,-0.1401645000000009,-0.5733472499999834,,,,,,
0.047924950499999994,0.0026170777499999994,-0.015298169249999998,0.1710029999999989,-0.3165645000000019,-0.5943472499999984,,,,,,
0.013165750500000002,0.07904027775000001,0.01064313075,0.3306029999999964,-0.32286450000000144,-0.5418472499999893,,,,,,
-0.035151049499999996,-0.09992172224999998,0.023228430749999997,0.03450300000000084,-0.2157644999999988,-0.31504725000002054,,,,,,
0.0290039505,-0.012347522250000001,0.01449243075,-0.02009699999999981,-0.15696450000000084,-0.4095472500000028,,,,,,
0.0594119505,0.013698777749999997,0.013935930749999999,-0.049497000000002345,-0.5643644999999999,-0.5775472500000092,,,,,,
-0.1447710495,0.022928277749999997,-0.00925016925,0.15840299999999985,-0.5979645000000033,-0.4914472499999931,,,,,,
-0.1176600495,-0.01490952225,-0.027339569249999997,0.1353030000000004,-0.46986450000000346,-0.22054725000000985,,,,,,
0.1268009505,-0.11455872225,-0.015283469249999999,-0.02009699999999981,-0.3837645000000016,-0.07984725000000026,,,,,,
0.09002995049999998,-0.07505772224999999,0.02390043075,0.021902999999994677,-0.14436449999999823,-0.05884725000001367,,,,,,
-0.0415980495,0.049556277749999995,0.03297243075,0.03240300000000218,-0.05616449999999773,-0.12604724999999917,,,,,,
-0.0526020495,0.06114827775,0.02081343075,-0.034796999999997524,0.015235499999999291,-0.4095472500000028,,,,,,
-0.07435804950000001,0.02788427775,0.01600443075,-0.27629699999999957,-0.14436449999999823,-0.6867472499999963,,,,,,
0.10542295049999999,-0.06882072225,-0.005287469249999999,-0.3623970000000014,-0.36906450000000035,-0.6657472500000097,,,,,,
0.09973195049999999,-0.07449072224999999,-0.00329036925,-0.11249699999999763,-0.22416450000000054,-0.4977472500000033,,,,,,
-0.0619890495,0.06385727775,-0.03250556925,0.13110300000000308,-0.05616449999999773,-0.35494725000000926,,,,,,
-0.12996604949999999,-0.01916412225,-0.02748656925,0.09540300000000457,0.11603549999999885,-0.3360472499999787,,,,,,
-0.047541049499999995,-0.07050072225,-0.017698469249999998,-0.4715970000000027,-0.1254645000000032,-0.7455472499999871,,,,,,
0.0207299505,-0.00205752225,0.04403943074999999,-0.599696999999999,-0.21366450000000015,-0.657347250000015,,,,,,
0.1825769505,0.07557527775,0.01063263075,-0.26789700000000494,-0.09606450000000066,-0.8316472500000032,,,,,,
-0.0367680495,0.08951927775,0.005416230749999999,0.045003000000001236,0.07403549999999726,-0.9912472499999865,,,,,,
-0.1171140495,0.03418427775,-0.01112336925,-0.009596999999999412,-0.0015645000000006348,-0.7245472500000005,,,,,,
0.1053599505,-0.02035902225,0.0025854307499999997,-0.3161970000000025,-0.02466450000000009,-0.6111472500000161,,,,,,
-0.016761349499999998,-0.014710022250000001,-0.00524966925,-0.2699969999999965,-0.04776449999999954,-0.7980472499999962,,,,,,
-0.0003435494999999999,-0.060462722249999996,0.00635073075,-0.08099699999999643,-0.06456449999999947,-0.7245472500000005,,,,,,
-0.0032247495,0.04504127775,0.00014103074999999993,0.15840299999999985,-0.08556450000000027,-0.8085472500000037,,,,,,
-0.0208395495,0.05902727775,-0.026604569249999998,0.0261029999999991,-0.0813644999999994,-0.8337472499999876,,,,,,
-0.0069816495,0.044033277749999995,-0.02681456925,-0.009596999999999412,-0.13176449999999917,-0.7203472500000032,,,,,,
0.06409495049999998,-0.05724972225,-0.00199676925,-0.28259700000000265,-0.020464500000002772,-0.44524725000002263,,,,,,
0.026336950499999998,-0.02768172225,-0.00371456925,-0.2657969999999992,0.1496354999999987,-0.36544724999998834,,,,,,
-0.1713780495,-0.017519822249999997,-0.00255746925,-0.3308970000000002,0.006835500000001105,-0.3675472500000012,,,,,,
0.19108195050000001,0.19040327775,0.03461043075,-0.09149700000000394,-0.5055644999999984,-0.27724724999998784,,,,,,
-0.0383850495,-0.06501972224999998,0.01834593075,0.18360299999999796,-0.5328645000000023,-0.527147250000013,,,,,,
-0.22028704949999997,-0.26491872225,-0.02284556925,0.21930299999999647,-0.3753644999999999,-0.239447250000012,,,,,,
0.0511169505,-0.15735672225,0.02144343075,-0.022196999999998468,-0.10866449999999972,-0.34654725000001463,,,,,,
0.007798150499999999,0.13744127775,0.04328343075,-0.4001969999999986,0.1412355000000005,-0.6405472499999973,,,,,,
0.0875309505,0.14533727775,0.07236843074999999,-0.5513970000000015,0.3134354999999971,-0.5292472499999974,,,,,,
-0.022173049499999996,-0.049395722249999996,0.027617430749999998,-0.32879700000000156,-0.07716450000000208,-0.4368472499999996,,,,,,
0.05804695049999999,-0.09586872225,-0.041955569250000005,-0.04529699999999792,-0.5895645000000016,-0.2688472499999932,,,,,,
0.0044213505,0.09348827775,-0.07444256925,0.17940300000000065,-0.6693645000000004,-0.3696472500000141,,,,,,
-0.2417070495,-0.09578472225,-0.07939856925000001,0.22140300000000224,-0.4530645,-0.8232472500000085,,,,,,
-0.0678270495,-0.25168872225000005,-0.031560569249999997,0.25290300000000343,-0.0372645000000027,-1.0101472499999886,,,,,,
0.2034929505,0.060581277749999995,0.08253243075,0.0366029999999995,0.20003550000000203,-1.1424472500000036,,,,,,
0.0795089505,0.35836127775,0.10960143074999999,-0.20069700000000523,0.05303550000000001,-1.0248472500000219,,,,,,
-0.0176013495,0.18284327775,0.04723143075,-0.0830970000000022,-0.05616449999999773,-0.8694472500000074,,,,,,
0.036332950499999996,-0.23026872224999997,-0.05037656925,0.09120300000000015,-0.3627645000000008,-0.945047250000016,,,,,,
-0.0040941495,-0.15943572225,-0.07671056925,0.30330299999999966,-0.38166450000000296,-0.8589472499999999,,,,,,
-0.0342690495,0.05087927774999999,-0.07916756925,0.34530300000000125,-0.41106450000000194,-1.0290472500000192,,,,,,
0.008276950500000001,0.18836627775,0.0004245307499999998,0.4146029999999996,-0.1821645000000025,-1.144547249999988,,,,,,
-0.0465120495,-0.02000412225,0.01507833075,0.11010300000000228,-0.10656450000000106,-1.146647250000001,,,,,,
-0.0071685494999999995,-0.14263572224999999,0.039020430749999994,-0.04529699999999792,-0.07296450000000121,-1.0920472500000074,,,,,,
0.11199595049999998,0.05594027774999999,0.02345943075,0.05550299999999453,-0.08766449999999892,-1.3608472499999777,,,,,,
0.051242950499999995,0.23131127775,-0.00740006925,0.23610299999999995,-0.19476450000000156,-1.7136472500000082,,,,,,
-0.010742749499999997,0.09439127775,-0.01868966925,0.37050299999999936,-0.4047645000000024,-1.38604724999999,,,,,,
-0.023160049499999998,-0.18465672225,-0.06196856925,0.2655029999999954,-0.37746449999999854,-1.0647472500000106,,,,,,
0.0409529505,-0.12940572225,-0.007631069249999999,0.045003000000001236,-0.7260645000000032,-0.9996472500000095,,,,,,
-0.12937804949999998,0.15222527775,0.033665430749999996,-0.0032969999999963306,-0.3879645000000025,-0.7980472499999962,,,,,,
-0.0735600495,0.02063927775,0.01613883075,0.06180299999999761,-0.2535645000000031,-0.8757472499999892,,,,,,
0.028562950500000003,-0.19593372225,0.01710903075,0.09750300000000323,-0.34806449999999955,-1.0101472499999886,,,,,,
0.0964979505,-0.04431372225,0.02839443075,0.15210299999999677,-0.43626450000000006,-1.165547250000003,,,,,,
-0.0132354495,0.11820527775,0.00202473075,0.2382029999999986,-0.3144644999999997,-1.4490472500000067,,,,,,
-0.0328200495,0.04766627775,-0.00860966925,0.3306029999999964,-0.3858645000000003,-1.1214472499999886,,,,,,
-0.0021789494999999996,-0.03156672225,-0.00211226925,0.2970029999999966,-0.3060645000000015,-1.0626472499999977,,,,,,
-0.0380910495,-0.12138372224999999,0.00534273075,0.1563030000000012,-0.4341645000000014,-1.0437472499999956,,,,,,
0.0241109505,-0.05008872225,0.0028752307500000004,0.23610299999999995,-0.37956450000000075,-0.9492472500000133,,,,,,
-0.0630810495,0.029396277749999995,0.02079243075,0.23190299999999553,-0.4845645000000012,-1.2915472500000078,,,,,,
0.0071807505,0.11879327775000001,0.024362430750000004,0.28860300000000194,-0.3165645000000019,-1.3272472499999992,,,,,,
-0.0514680495,-0.20317872224999997,-0.00419126925,0.15420300000000253,-0.36486450000000303,-1.3104472499999815,,,,,,
0.1383719505,-0.033414722249999994,-0.04231256925,0.2760029999999958,-0.5706644999999995,-1.6569472500000018,,,,,,
-0.2309970495,0.11908727775,0.035828430749999994,0.3894029999999944,-0.4908645000000007,-1.9719472499999995,,,,,,
-0.019268749499999998,0.06801527775,-0.00173426925,0.5070029999999974,-0.43836450000000227,-1.7094472500000109,,,,,,
0.31731295049999997,-0.050823722249999995,-0.02221976925,0.5658029999999954,-0.10026450000000153,-1.2495472500000062,,,,,,
-0.04107304949999999,-0.02883672225,0.00843813075,0.3327030000000022,0.3050354999999989,-1.4910472499999798,,,,,,
0.09278095049999999,0.19052927774999998,0.047105430749999996,0.18360299999999796,-0.270364500000003,-2.0349472499999877,,,,,,
-0.0392040495,0.19220927775,-0.04470656925,0.3999030000000019,-0.6084645000000002,-2.1042472500000144,,,,,,
-0.1563420495,-0.23446872224999998,-0.10531256925,0.6162029999999987,-0.7827645000000025,-1.8900472500000092,,,,,,
0.0035981504999999993,-0.14933472225,-0.059679569249999995,0.5721029999999985,-0.3459645000000009,-1.7661472499999888,,,,,,
0.0421709505,0.12284627775000001,0.039104430749999995,0.4566030000000012,-0.6042644999999993,-1.8984472500000038,,,,,,
0.06959695049999999,0.10594127775,0.02333343075,0.42300299999999424,-0.21786450000000102,-1.9887472499999888,,,,,,
-0.08504704950000001,0.10342127775,0.02549643075,0.4293029999999973,0.008935499999999763,-1.8543472499999893,,,,,,
0.1342139505,-0.03721572225,0.02306043075,0.36000299999999896,-0.26196450000000127,-1.6884472499999958,,,,,,
0.1973609505,0.021710277749999996,0.005624130750000001,0.3222030000000018,-0.5727645000000017,-1.6107472500000029,,,,,,
-0.07068304950000001,0.08834327775,0.0035892307499999997,0.4671030000000016,-0.9633645000000008,-1.7703472499999862,,,,,,
-0.09309004950000001,-0.052734722250000005,-0.07706756925000001,0.6204030000000031,-0.6462645000000009,-1.629647250000005,,,,,,
-0.10728604950000001,0.012568977749999998,-0.04617656925,0.3999030000000019,-0.6861645000000003,-1.4364472499999863,,,,,,
-0.1908030495,-0.27898872225,0.03473643075,0.3432029999999955,-0.46776450000000125,-1.2537472500000035,,,,,,
0.06377995049999999,-0.12606672224999999,0.04122543074999999,0.3747029999999967,-0.3543644999999991,-1.3713472500000137,,,,,,
0.1541849505,0.20283527775000001,0.03051543075,0.5259029999999996,-0.5622645000000013,-1.5456472500000018,,,,,,
-0.0366000495,0.05612927774999999,0.03305643075,0.35580300000000165,-0.4320644999999992,-1.4511472499999911,,,,,,
-0.0407790495,0.00435167775,0.02039343075,0.2382029999999986,-0.4551645000000022,-1.694747250000006,,,,,,
-0.013273249499999999,0.011061177749999998,0.01304133075,0.47970300000000066,-0.4131645000000006,-1.673747249999991,,,,,,
0.0944399505,-0.19234272225,-0.00808256925,0.3747029999999967,-0.7638645000000004,-1.5351472499999943,,,,,,
0.0002066504999999999,0.09609227775000001,-0.041178569250000005,0.3579030000000003,-0.7680645000000013,-1.3881472499999745,,,,,,
-0.11037304949999999,-0.02055432225,-0.01321076925,0.40200300000000055,-0.39006450000000115,-1.4049472499999922,,,,,,
-0.2505270495,-0.19536672224999999,0.02018343075,0.37050299999999936,-0.41946450000000013,-1.354547249999996,,,,,,
0.030998950500000004,0.08321927775,0.03316143075,0.3621029999999976,-0.4866645000000034,-1.9026472500000011,,,,,,
0.35343295049999995,0.07731827775,0.012045930750000001,0.39150300000000016,-0.46776450000000125,-1.9026472500000011,,,,,,
0.0095621505,0.031349277749999994,-0.021530969249999997,0.4293029999999973,-0.3522645000000004,-1.9362472499999797,,,,,,
-0.1394370495,0.03523427775,-0.02149736925,0.6099030000000027,-0.45726450000000085,-2.0034472499999936,,,,,,
0.059096950499999995,0.05636027774999999,-0.00825896925,0.4146029999999996,-0.4404645000000009,-1.9845472499999914,,,,,,
0.0773459505,0.08653727775,-0.03132956925,0.47970300000000066,-0.4929645000000029,-1.7577472500000226,,,,,,
-0.0171813495,-0.01169652225,-0.02257256925,0.35580300000000165,-0.371164499999999,-1.5015472500000158,,,,,,
-0.19074004949999998,-0.24034872224999998,0.02079243075,0.3327030000000022,-0.33336450000000184,-1.7262472500000001,,,,,,
-0.045231049499999995,0.03508727775,0.02980143075,0.4167030000000054,-0.42576449999999966,-2.06014725,,,,,,
0.3441929505,0.25609127775,-0.013954169249999999,0.5133030000000005,-0.6378645000000027,-2.026547249999993,,,,,,
-0.0267930495,-0.05157972225,-0.021623369249999996,0.5658029999999954,-0.3081645000000002,-1.6695472499999937,,,,,,
-0.10136404950000001,-0.08467572224999999,-0.00605606925,0.6330029999999951,-0.45726450000000085,-1.6527472500000044,,,,,,
0.0396929505,0.09934727775,0.006445230749999999,0.3831029999999984,-0.688264499999999,-1.6170472499999846,,,,,,
-0.0917670495,0.09073727775,-0.024231569249999998,0.5784030000000016,-0.8289645000000014,-1.478447249999988,,,,,,
0.0875309505,-0.10015272224999999,-0.00594896925,0.4146029999999996,-0.3564645000000013,-1.5897472499999878,,,,,,
-0.0822540495,-0.25378872225000004,0.039944430749999996,0.27180299999999846,-0.5580645000000004,-1.7220472500000028,,,,,,
-0.0854250495,0.12047327775000001,0.04882743075,0.307502999999997,-0.6630645000000008,-1.8123472500000162,,,,,,
0.1377839505,0.13118327775,-0.0066776692500000005,0.3642030000000034,-0.6588645,-1.6758472499999755,,,,,,
-0.052371049499999996,-0.09966972225,-0.01592186925,0.5112030000000019,-0.36486450000000303,-1.3503472499999987,,,,,,
-0.0948750495,-0.13986372225,-0.0040883692499999996,0.6246030000000005,-0.4635645000000004,-1.2285472499999912,,,,,,
0.08152495049999998,0.027968277749999996,0.01871343075,0.5217030000000022,-0.5874644999999994,-1.5351472499999943,,,,,,
-0.0737700495,0.17736227775,0.014614230749999998,0.45450299999999544,-0.7071645000000011,-1.4763472500000034,,,,,,
0.061553950499999996,0.02935427775,0.010008930749999999,0.5637029999999967,-0.5307645000000001,-1.4490472500000067,,,,,,
0.0569549505,-0.33841872225,0.0011028307499999996,0.38100299999999976,-0.6021645000000007,-1.9215472500000033,,,,,,
-0.14603104949999998,-0.10911972225,0.01103583075,0.42300299999999424,-0.6021645000000007,-2.0937472499999785,,,,,,
-0.06936004949999999,0.32896127775,0.008074830750000001,0.372602999999998,-0.5811644999999999,-1.9845472499999914,,,,,,
0.07415395049999998,0.05442827775,-0.01751786925,0.5952029999999979,-0.47826450000000165,-1.7304472499999974,,,,,,
0.0517679505,-0.24034872224999998,-0.00863276925,0.5343029999999942,-0.3858645000000003,-1.5687472500000013,,,,,,
0.0086486505,-0.059412722249999994,0.0025686307499999997,0.353703000000003,-0.5559645000000017,-1.5939472499999852,,,,,,
-0.018256549499999997,0.14506427775,0.0010314307499999995,0.6267029999999991,-0.6546645000000026,-2.091647249999994,,,,,,
0.0025460504999999995,0.13616027775,-0.00978356925,0.6330029999999951,-0.5013645000000011,-2.3415472499999908,,,,,,
0.0715289505,0.028976277749999994,0.0018546307499999995,0.5238030000000009,-0.6609645000000022,-2.4738472500000057,,,,,,
-0.0240840495,-0.08450772224999999,-0.00310976925,0.4398029999999977,-0.6210645000000028,-2.3646472500000186,,,,,,
-0.0540300495,-0.07119372225,0.0012099307499999997,0.36000299999999896,-0.3963645000000007,-2.333147249999996,,,,,,
-0.0041151495,0.05153027775,-0.015247769249999998,0.4734029999999976,-0.28086449999999985,-1.9908472500000016,,,,,,
0.0375929505,0.03636827775,-0.006818369249999999,0.6099030000000027,-0.7050644999999989,-2.091647249999994,,,,,,
0.10718695049999999,-0.07747272224999999,-0.01026866925,0.5721029999999985,-0.5412645000000005,-2.3247472500000015,,,,,,
-0.0669450495,0.11064527774999999,-0.009985169249999998,0.6288029999999978,-0.4866645000000034,-2.360447249999993,,,,,,
-0.1065090495,0.09655427775,-0.014741669249999999,0.6225030000000018,-0.6042644999999993,-2.4234472500000095,,,,,,
0.1302659505,0.07400027775,0.00980943075,0.5469030000000004,-0.5874644999999994,-2.2974472500000047,,,,,,
0.06592195049999999,-0.20660172224999998,0.01393173075,0.5826029999999989,-0.3753644999999999,-2.125247250000001,,,,,,
0.0527129505,-0.11306772225,0.00795093075,0.4524029999999968,-0.711364500000002,-2.1462472499999876,,,,,,
-0.20187004949999998,0.19023527775,0.043976430749999997,0.5679030000000012,-0.8436644999999992,-2.3310472499999833,,,,,,
-0.2765670495,-0.24118872225,0.00464133075,0.6918030000000002,-0.8268644999999992,-2.3961472500000127,,,,,,
0.2616629505,-0.08900172225,-0.040380569250000005,0.6288029999999978,-0.3669645000000017,-2.202947249999994,,,,,,
0.037865950499999995,0.16173827775,0.033497430749999994,0.5259029999999996,-0.11916450000000012,-2.2785472500000026,,,,,,
0.22155295049999998,0.36676127774999995,0.04750443074999999,0.38730300000000284,-0.5202644999999997,-2.620847249999997,,,,,,
0.0846749505,0.02328527775,0.01565793075,0.7149029999999996,-0.8898645000000016,-2.4507472500000063,,,,,,
-0.3227670495,-0.47869872225,-0.09218756924999999,0.8850029999999975,-0.982264500000003,-2.3814472499999795,,,,,,
-0.0393300495,-0.11777172224999999,-0.09693356925,0.8199029999999965,-0.9192645000000006,-2.2512472499999774,,,,,,
0.051263950499999995,0.27604127775,0.00881613075,0.7821029999999993,-0.7344645000000014,-2.40034725000001,,,,,,
0.061679950500000004,-0.006421322249999999,0.06724443075,0.712803000000001,-0.46566449999999904,-2.9799472500000093,,,,,,
-0.1701180495,-0.13152672225,0.05735343074999999,0.5931029999999993,-0.07506449999999987,-3.1290472500000135,,,,,,
0.1630889505,0.026750277749999996,0.029654430750000006,0.4398029999999977,-0.7596644999999995,-2.765747250000004,,,,,,
0.31374295049999995,0.21073127774999997,-0.026583569249999998,0.6141030000000001,-0.9843644999999981,-2.515847249999979,,,,,,
-0.2221770495,0.03034127775,-0.028956569249999998,0.8640030000000039,-0.9381644999999992,-2.3919472500000154,,,,,,
-0.10176304950000001,-0.12850272225,-0.02706656925,0.8787030000000016,-0.5076645000000006,-2.6166472499999998,,,,,,
0.0256859505,-0.04280172225,-0.04157756925,0.8640030000000039,-0.5412645000000005,-2.685947249999998,,,,,,
-0.10041904950000001,-0.02247372225,0.04586643075,0.790502999999994,-0.6630645000000008,-2.7237472500000024,,,,,,
0.1425719505,0.12349727775000001,0.031901430749999994,0.6393029999999982,-0.7092644999999997,-3.242447249999998,,,,,,
-0.0236220495,0.08496227775000001,-0.013855469249999999,0.6834029999999984,-0.805864500000002,-3.231947250000019,,,,,,
0.015177550499999998,-0.18952872225,-0.04703756925,0.9102030000000028,-0.7932644999999994,-2.8350472500000024,,,,,,
0.0240689505,0.005596977749999999,-0.02736056925,0.7485029999999995,-0.5958645000000011,-2.8875472500000114,,,,,,
-0.1049340495,0.18154127775,0.01313583075,0.7170029999999983,-0.7533645,-2.9715472500000146,,,,,,
0.2088689505,-0.044796722250000004,0.01476543075,0.9459030000000013,-0.6504645000000018,-2.975747250000012,,,,,,
0.10187395049999999,0.08958227775,-0.014850869249999999,0.796802999999997,-0.8667644999999986,-2.6523472500000196,,,,,,
-0.2524170495,-0.01196742225,0.00504243075,0.7002030000000019,-0.5937644999999989,-2.5641472499999907,,,,,,
-0.0807840495,-0.18219972224999997,0.02142243075,0.6120030000000014,-0.5727645000000017,-2.6166472499999998,,,,,,
-0.019789549499999996,0.033092277749999996,0.01594563075,0.7023030000000006,-0.8226645000000019,-2.994647250000014,,,,,,
0.2089319505,0.047813277749999994,-0.0015662692499999998,0.8577030000000008,-1.1313645,-3.005147249999993,,,,,,
0.0759599505,0.09208127775000001,-0.02303036925,0.9018029999999939,-0.8478645,-2.7531472499999836,,,,,,
-0.21629704949999998,-0.11155572224999998,-0.0042332692499999994,0.8913030000000006,-0.7638645000000004,-2.7006472499999745,,,,,,
-0.0065133495,-0.16086372224999998,0.00781863075,0.7212030000000027,-0.7218644999999988,-2.8224472500000104,,,,,,
0.060587950499999994,0.18221327774999999,-0.014575769249999999,0.7611029999999985,-0.9423645000000036,-2.763647249999991,,,,,,
-0.009323149499999999,0.17870627775,0.022136430749999998,0.6897030000000015,-0.8457645000000014,-2.7111472500000104,,,,,,
-0.0300900495,-0.26386872224999997,0.040742430749999996,0.8115030000000019,-0.6756644999999999,-2.6124472500000024,,,,,,
-0.14676604949999997,-0.21934872224999996,0.00765063075,0.843002999999996,-0.9381644999999992,-2.858147250000002,,,,,,
0.3200429505,0.21892127775,-0.02668856925,0.8577030000000008,-0.9591645000000035,-2.8686472500000093,,,,,,
-0.0431100495,0.15338027775,-0.01635446925,0.9375029999999995,-0.6315644999999996,-2.84554725000001,,,,,,
-0.21230704949999996,-0.14460972225,-0.01014476925,0.8325030000000027,-0.7554645000000022,-2.9400472500000205,,,,,,
0.06533395049999999,-0.10533972224999999,0.032636430749999994,0.9018029999999939,-0.8100644999999993,-2.6754472499999906,,,,,,
-0.0411990495,0.13328327775,0.01046253075,0.8976030000000037,-1.0977645000000003,-2.6712472499999933,,,,,,
0.1493339505,-0.009170222250000002,-0.020636369249999998,0.7212030000000027,-0.7470645000000005,-2.9400472500000205,,,,,,
-0.0110703495,-0.047589722249999994,-0.01207676925,0.843002999999996,-0.7617644999999982,-2.9043472500000007,,,,,,
-0.20670004949999998,0.09668027775,0.032846430749999996,0.7044029999999992,-0.8142645000000002,-2.992547250000001,,,,,,
0.2029259505,0.014956677749999998,-0.00530426925,0.8241030000000009,-0.9759644999999999,-3.1290472500000135,,,,,,
0.0259799505,-0.06285672225,-0.02979656925,1.0488029999999995,-0.7596644999999995,-2.6943472499999928,,,,,,
-0.17925304949999998,-0.08062272225,-0.03376556925,1.0047029999999992,-0.7428645000000031,-2.9505472499999996,,,,,,
0.0833729505,0.010433277749999999,0.01858953075,1.0047029999999992,-0.5790645000000012,-3.005147249999993,,,,,,
0.0080522505,0.13676927775,0.02558043075,0.8913030000000006,-0.7638645000000004,-3.133247250000011,,,,,,
0.0591389505,0.08569727775000001,-0.00021386925000000008,0.7695030000000003,-0.9465645000000009,-2.893847249999993,,,,,,
0.011846950500000002,-0.10296672224999999,-0.0012218692499999999,0.6876030000000029,-1.0536645,-2.9295472499999846,,,,,,
-0.0604350495,-0.08226072224999999,-0.00438236925,0.8241030000000009,-0.9024645000000007,-2.862347249999999,,,,,,
0.08414995049999999,0.08893127775,-0.00242516925,0.9228030000000018,-0.8667644999999986,-2.828747249999992,,,,,,
-0.16381804949999998,-0.00207642225,-0.01754516925,0.8766030000000029,-0.7071645000000011,-3.0093472499999905,,,,,,
-0.1338930495,-0.08270172224999998,0.0055170307500000005,0.8787030000000016,-0.7659645000000026,-3.021947250000011,,,,,,
0.1740089505,-0.06942972224999999,0.045446430749999996,0.920702999999996,-0.9423645000000036,-2.9904472499999883,,,,,,
0.08790895049999999,0.012031377749999999,0.01980543075,0.7926029999999997,-0.9696645000000004,-2.9190472500000055,,,,,,
-0.0338910495,0.10157327775000001,-0.026184569249999998,0.9102030000000028,-0.8814644999999999,-2.9505472499999996,,,,,,
-0.031812049499999995,0.025847277749999998,-0.00663566925,0.8577030000000008,-0.9528645000000004,-2.893847249999993,,,,,,
-0.0620100495,-0.07808172225,0.00969393075,0.7758029999999962,-0.870964500000003,-3.105947250000014,,,,,,
0.0369419505,-0.06539772225,0.034316430749999995,0.6918030000000002,-0.9213644999999993,-3.3894472500000177,,,,,,
-0.1008600495,0.02475527775,0.0033414307500000003,0.712803000000001,-0.9927644999999998,-3.2718472500000075,,,,,,
0.0210239505,0.00932237775,-0.013702169249999998,1.0278029999999987,-1.0347645000000014,-3.1794472500000097,,,,,,
0.09964795049999998,-0.04284372225,-0.01136276925,1.143302999999996,-0.8415645000000005,-3.0807472500000017,,,,,,
-0.12179704949999999,0.03750227775,0.0005904307500000003,1.1643029999999968,-0.9906645000000012,-3.1017472500000167,,,,,,
0.1268219505,-0.016875122250000003,-0.01006286925,0.8682030000000012,-0.9759644999999999,-3.2067472500000065,,,,,,
0.06480895049999999,0.03183227775,-0.010480769249999999,1.0341030000000018,-0.9318644999999997,-3.194147249999986,,,,,,
-0.09649204950000001,0.04159727775,0.01586793075,1.0341030000000018,-0.8079645000000006,-3.3894472500000177,,,,,,
0.061448950499999995,-0.12123672224999998,0.023228430749999997,1.0089030000000037,-0.8751645000000003,-3.633047250000004,,,,,,
-0.0295650495,0.05869127774999999,0.0025812307499999995,0.8850029999999975,-1.0305645000000005,-3.551147250000014,,,,,,
-0.0576420495,0.09728927775,-0.03023756925,1.097102999999997,-1.0389645000000023,-3.48394725,,,,,,
-0.009873349499999998,-0.07260072224999999,-0.008716769249999999,1.0656029999999959,-0.9150644999999997,-3.2760472499999764,,,,,,
0.06193195049999999,-0.04729572225,0.01921743075,0.973202999999998,-1.0914645000000007,-3.320147249999991,,,,,,
0.0524189505,0.04205927775,-0.013630769249999999,0.9942030000000059,-1.0494644999999991,-3.6246472500000095,,,,,,
0.0604199505,0.14724827775,-0.02400056925,1.0803030000000007,-0.8772645000000026,-3.8787472500000035,,,,,,
-0.0738540495,0.00619547775,0.00674973075,1.1328030000000027,-1.0158644999999993,-3.771647250000001,,,,,,
-0.0691080495,-0.13127472225,0.01285863075,1.0341030000000018,-1.118764500000001,-3.71284725000001,,,,,,
0.0502139505,-0.025287722250000002,-0.00547436925,0.9585030000000003,-1.2153645000000033,-3.750647249999986,,,,,,
-0.011112349499999999,0.07022027775,-0.005631869249999999,1.313403000000001,-0.8814644999999999,-3.645647249999996,,,,,,
-0.0356130495,0.012688677749999999,0.0007248307500000001,1.221002999999996,-0.9528645000000004,-3.6876472499999977,,,,,,
0.037130950499999996,-0.09542772225,0.00651873075,1.0740030000000047,-0.9591645000000035,-3.7653472499999907,,,,,,
0.0646409505,0.007491177749999999,-0.00744416925,1.0404030000000049,-1.1922645000000003,-3.8661472500000116,,,,,,
-0.05054404949999999,0.05577227775,0.030914430749999996,1.1727029999999985,-1.0305645000000005,-3.8661472500000116,,,,,,
-0.0473520495,0.033785277749999995,0.02278743075,1.2168029999999987,-0.9654645000000031,-3.8661472500000116,,,,,,
-0.0050328495000000004,-0.08121072224999999,-0.01189196925,1.2063029999999983,-1.1271645000000028,-3.868247249999996,,,,,,
0.0186614505,0.059804277749999996,-0.02920856925,1.2693029999999936,-0.982264500000003,-4.002647249999995,,,,,,
0.015059950500000002,0.00865457775,-0.00232856925,1.3554030000000026,-1.2111644999999989,-4.004747250000008,,,,,,
-0.0843540495,-0.12184572224999998,0.0014955307499999997,1.214703,-1.2006644999999985,-3.8325472500000046,,,,,,
0.0142178505,0.00524417775,-0.00362006925,1.1874030000000033,-1.152364500000001,-4.057247249999989,,,,,,
0.0804539505,0.07456727775,0.004141530749999999,1.2063029999999983,-1.213264500000001,-4.137047249999995,,,,,,
0.0264419505,0.05959427775,0.01227273075,1.4478030000000004,-1.1901645000000016,-4.12864725,,,,,,
-0.040548049499999995,-0.10189572224999999,-0.00126596925,1.3176029999999983,-1.118764500000001,-4.155947249999997,,,,,,
-0.0055746495,-0.040092722250000004,0.004758930749999999,1.307102999999998,-1.1439644999999992,-3.948047250000002,,,,,,
0.0404069505,0.09040127775000001,-0.00302156925,1.3743029999999976,-0.971764499999999,-4.141247249999992,,,,,,
0.037865950499999995,0.013035177749999998,-0.00402116925,1.2588030000000003,-0.9654645000000031,-4.155947249999997,,,,,,
-0.0639630495,-0.04028172225,-0.023055569249999998,1.2840029999999985,-1.1418645000000005,-4.294547249999994,,,,,,
-0.0732030495,-0.011715422250000001,-0.02572256925,1.3155029999999996,-1.1733645000000017,-4.361747250000008,,,,,,
0.1049609505,0.10997327775,0.00932013075,1.307102999999998,-1.1628645000000013,-4.218947249999985,,,,,,
0.0497939505,0.02958527775,0.01061163075,1.4142030000000005,-1.1796645000000012,-3.960647249999994,,,,,,
-0.0940980495,-0.15945672225,-0.00940766925,1.3512029999999982,-1.177564499999999,-4.1118472499999825,,,,,,
-0.0175929495,-0.01569282225,0.00671613075,1.183202999999999,-0.9276645000000023,-4.225247250000024,,,,,,
0.0851999505,0.13494227775,0.00652923075,1.372202999999999,-1.0389645000000023,-4.368047249999989,,,,,,
0.0905969505,0.01444637775,-0.006366869249999999,1.515003,-1.2426645,-4.313447249999996,,,,,,
-0.0855930495,-0.032028722249999995,0.00183993075,1.4772029999999958,-1.2384645000000027,-4.2315472500000055,,,,,,
-0.06478204950000001,-0.00531462225,-0.007595369249999999,1.431002999999997,-1.213264500000001,-4.3218472499999905,,,,,,
-0.044307049499999994,0.054323277749999996,-0.00031676925000000003,1.4163029999999992,-1.066264499999999,-4.279847250000017,,,,,,
0.07698895049999999,-0.00848562225,-0.00517196925,1.3050029999999992,-1.1061644999999984,-4.12864725,,,,,,
0.0342119505,-0.11432772225,0.00531123075,1.4226030000000023,-1.1040644999999998,-4.0236472500000104,,,,,,
-0.0444750495,0.02788427775,0.006846330750000001,1.2378029999999995,-1.1397645000000018,-4.218947249999985,,,,,,
0.053699950499999996,0.01944017775,0.0002145307499999997,1.359603,-1.2321644999999997,-4.250447249999979,,,,,,
-0.06969604950000001,0.03733427775,-0.02030036925,1.5213030000000032,-1.2111644999999989,-4.271447249999994,,,,,,
-0.046638049499999994,0.08038427775,0.0010797307499999997,1.4604029999999995,-1.0956645000000016,-4.414247250000017,,,,,,
0.1316309505,-0.09250872225,0.027575430749999998,1.5129030000000014,-1.0305645000000005,-4.2525472500000205,,,,,,
-0.0174942495,-0.04280172225,0.01491663075,1.4919030000000006,-1.3182645000000015,-4.080347249999988,,,,,,
-0.22154704949999998,-0.027702722250000002,-0.00330086925,1.4415030000000044,-1.1586645000000004,-4.271447249999994,,,,,,
0.06482995049999998,-0.015581522250000002,-0.010923869249999999,1.496102999999998,-1.0263644999999997,-4.141247249999992,,,,,,
0.1690319505,0.029690277749999997,-0.00012146924999999979,1.4583030000000008,-0.9906645000000012,-4.328147250000001,,,,,,
-0.0502500495,0.00612617775,0.0011742307499999997,1.4394029999999987,-1.0641645000000004,-4.23994725,,,,,,
-0.09023404950000001,0.05085827775,-0.006043469249999999,1.515003,-1.1460645000000014,-4.298747249999991,,,,,,
0.0337499505,0.061190277749999994,-0.004245869249999999,1.4667030000000025,-0.9885645000000025,-4.307147250000014,,,,,,
0.1304969505,-0.10869972224999999,0.007631730750000001,1.5003030000000024,-0.9024645000000007,-4.431047249999978,,,,,,
-0.028935049499999997,-0.09341172225,0.007999230750000001,1.5465030000000013,-1.1145645000000002,-4.4205472499999985,,,,,,
-0.1439310495,0.13254827775,-0.00586286925,1.6410029999999978,-1.0599644999999995,-4.248347249999995,,,,,,
-0.016731949499999996,0.008826777749999999,-0.00022016924999999996,1.5843029999999985,-1.028464500000002,-4.227347250000008,,,,,,
0.034925950500000004,-0.01654332225,-0.00319376925,1.6746029999999976,-1.0809645000000003,-4.3218472499999905,,,,,,
0.0699329505,-0.05231472225,-0.00968066925,1.7481030000000004,-1.2405644999999978,-4.368047249999989,,,,,,
0.05500195050000001,0.00615137775,-0.01195916925,1.7019029999999944,-0.9591645000000035,-4.443647249999998,,,,,,
0.0442919505,0.12794927775,0.00507813075,1.5570029999999946,-0.7722645000000021,-4.439447250000001,,,,,,
-0.0918510495,-0.013319822250000002,0.016892730749999998,1.5696030000000007,-0.8436644999999992,-4.521347249999991,,,,,,
-0.0682470495,-0.10781772225,0.00597273075,1.5948029999999989,-0.9423645000000036,-4.384847250000007,,,,,,
0.0226199505,0.0025498777499999995,-0.006698669250000001,1.6809030000000007,-0.9339645000000019,-4.258847250000002,,,,,,
0.0305579505,0.09407627775,-0.008706269249999999,1.7985029999999966,-0.9927644999999998,-4.35124725,,,,,,
-0.0472260495,0.01764887775,-0.00372296925,1.6893029999999953,-0.9192645000000006,-4.571747250000016,,,,,,
0.08370895049999999,-0.12421872224999998,0.0003699307500000001,1.8090030000000041,-0.9150644999999997,-4.410047250000019,,,,,,
-0.011700349499999999,-0.052734722250000005,-0.0013310692500000001,1.6977030000000042,-0.7470645000000005,-4.431047249999978,,,,,,
-0.14000404949999998,0.14445527775,0.005372130750000001,1.685102999999998,-0.7953645000000016,-4.489847249999997,,,,,,
0.06373795049999999,0.03586427775,0.014910330750000002,1.5780029999999954,-0.9381644999999992,-4.494047249999994,,,,,,
0.0327419505,-0.12027072225,0.006056730750000001,1.7145030000000006,-0.7260645000000032,-4.46254725,,,,,,
-0.0589440495,-0.00637302225,0.01679193075,1.7481030000000004,-0.6525645000000004,-4.481447250000002,,,,,,
0.031040950499999997,-0.01924392225,0.0034779307499999998,1.6935029999999998,-0.8079645000000006,-4.552847249999985,,,,,,
0.0164354505,-0.019626122250000003,0.0039147307499999996,1.8258030000000005,-0.8919645000000003,-4.481447250000002,,,,,,
0.023963950499999997,0.05902727775,-0.00593426925,1.8699030000000008,-0.7743645000000008,-4.65574724999999,,,,,,
-0.0944340495,0.02202527775,-0.00934466925,1.6620029999999986,-0.6546645000000026,-4.7187472499999785,,,,,,
-0.0654330495,-0.00597402225,-0.012303569249999998,1.8573030000000017,-0.7764644999999994,-4.735547249999996,,,,,,
0.08198695049999999,-0.02157492225,0.00699543075,1.8993029999999962,-0.8583645000000004,-4.56124724999998,,,,,,
0.0206459505,-0.05317572225,0.00277863075,1.8216030000000032,-0.6105644999999988,-4.544447250000019,,,,,,
0.05848795049999999,0.02040827775,0.0027639307499999996,1.7355029999999942,-0.46986450000000346,-4.670447249999995,,,,,,
-0.0039807495,0.011651277749999998,0.009626730750000001,1.796402999999998,-0.7701644999999999,-4.922447250000005,,,,,,
-0.1187310495,-0.00525792225,-0.00589436925,1.8846029999999985,-0.723964500000001,-4.924547249999989,,,,,,
0.0765899505,0.07118627775,-0.01787276925,1.9644029999999972,-0.36906450000000035,-4.775447249999985,,,,,,
0.06774895049999999,-0.01356762225,0.005890830750000001,1.9518029999999982,-0.5055644999999984,-4.90774725,,,,,,
-0.06757504950000001,-0.025308722250000002,0.0002691307500000003,1.842603000000004,-0.6084645000000002,-5.077847249999991,,,,,,
-0.0090102495,0.018593877749999998,0.0015144307499999998,2.012703000000002,-0.4299645000000005,-5.136647249999982,,,,,,
0.0234179505,-0.0055540222499999995,-0.017952569249999998,2.0274029999999996,-0.2262644999999992,-4.941347250000007,,,,,,
0.0435359505,-0.0021814222500000004,-0.00879026925,1.8993029999999962,-0.4341645000000014,-5.098847250000006,,,,,,
-0.0235590495,0.016779477749999997,0.006634230749999999,1.9623029999999986,-0.4152645000000028,-5.084147250000001,,,,,,
-0.0918510495,0.03443627775,-0.00828416925,1.945502999999995,-0.40896449999999973,-5.002247249999982,,,,,,
0.045005950499999996,-0.02215032225,-0.00026006925000000023,1.9749029999999976,-0.19686450000000022,-5.056847250000004,,,,,,
0.06768595049999998,-0.04181472225,0.02043543075,1.953903000000004,-0.31236450000000104,-5.166047249999991,,,,,,
-0.05497504949999999,0.02236127775,0.00288993075,1.9560030000000026,-0.3060645000000015,-5.182847250000009,,,,,,
0.009106450500000002,-0.03314172225,-0.00672806925,2.103002999999994,-0.42576449999999966,-5.214347250000003,,,,,,
0.0360179505,-0.02805972225,0.0003909307499999999,2.136603000000001,-0.2010645000000011,-5.082047249999988,,,,,,
-0.0595530495,0.02011427775,0.01009713075,2.115603,-0.3459645000000009,-5.260547250000002,,,,,,
-0.0332820495,0.08009027775000001,0.0025917307500000005,2.096703000000005,-0.20736450000000062,-5.32354724999999,,,,,,
0.0038648505,0.010960377749999998,-0.007673069249999999,2.1387029999999996,0.034135499999997876,-5.1597472500000094,,,,,,
0.06039895050000001,-0.07845972224999999,0.005105430750000001,2.180703000000001,-0.043564500000002226,-5.279447250000004,,,,,,
0.0274079505,-0.01595322225,-0.00313076925,2.287803000000004,-0.07296450000000121,-5.35294725,,,,,,
-0.1287480495,0.0061933777499999995,-0.00797126925,2.1786030000000025,-0.16116449999999816,-5.3676472500000045,,,,,,
0.0544769505,0.02393627775,-0.00938666925,2.247903000000001,0.0509354999999978,-5.304647250000016,,,,,,
0.11352895049999999,-0.06231072225,-0.004758269250000001,2.3928030000000007,0.12023549999999972,-5.436947250000003,,,,,,
-0.056865049499999994,0.020282277749999997,0.012497430750000002,2.121902999999996,0.027835499999998348,-5.493647250000009,,,,,,
-0.012788149499999998,0.08349227775000001,0.01881843075,2.254203000000004,0.16223549999999776,-5.409647250000006,,,,,,
-0.0271920495,-0.00655362225,-0.01085666925,2.266802999999996,0.29243549999999985,-5.644847249999998,,,,,,
-0.0318330495,0.02013527775,-0.00456926925,2.338203,0.1517355000000009,-5.481047249999989,,,,,,
0.0611549505,-0.07453272224999999,-0.00780116925,2.2311029999999974,0.17693549999999902,-5.487347249999999,,,,,,
0.07581295049999999,-0.05000472225,-0.01083986925,2.4201029999999975,0.2378354999999992,-5.588147249999992,,,,,,
-0.0342690495,0.10839827775000001,-0.0073055692499999995,2.4201029999999975,0.506635499999998,-5.632247250000006,,,,,,
-0.0228030495,0.023474277749999998,-0.005111069249999999,2.3172029999999992,0.3617354999999982,-5.55244725,,,,,,
0.0424649505,-0.046392722250000004,-0.0009446692499999998,2.3886029999999963,0.49823549999999983,-5.502047250000004,,,,,,
0.05243995049999999,0.04365527775,0.00400923075,2.292003000000001,0.7250355000000006,-5.5650472500000205,,,,,,
-0.0745050495,-0.025728722250000002,-0.00400856925,2.3235030000000023,0.7418355000000005,-5.506247250000001,,,,,,
-0.13845004949999998,-0.01502082225,-0.00815606925,2.489402999999996,0.6410354999999974,-5.460047250000002,,,,,,
0.11777095049999999,0.012963777749999999,0.012753630750000002,2.294103,0.5927354999999999,-5.527247249999988,,,,,,
0.10813195049999999,-0.04998372225,0.012871230749999999,2.3676030000000026,0.7754355000000004,-5.571347250000002,,,,,,
-0.0813090495,0.04982927775,-0.00307196925,2.644802999999996,0.9455354999999983,-5.583947249999994,,,,,,
-0.0075486495,0.03657827775,-0.00701156925,2.586002999999998,0.8510354999999983,-5.4663472500000125,,,,,,
-0.012828049499999999,-0.07963572224999999,-0.00276326925,2.4516029999999986,0.947635499999997,-5.382347250000009,,,,,,
0.018069250499999998,0.04226927775,0.013805730750000002,2.325602999999994,1.0484355,-5.489447250000012,,,,,,
-0.0049257495,-0.021392222250000002,0.00876993075,2.5167029999999997,1.1324354999999997,-5.44744725000001,,,,,,
-0.0643200495,-0.039021722249999995,-0.00841436925,2.5188029999999983,0.9518355000000014,-5.615447249999988,,,,,,
0.07364995049999999,0.05150927775,-0.00979826925,2.5314030000000045,1.1387354999999992,-5.57554725,,,,,,
-0.056235049499999995,-0.01456932225,-0.00561716925,2.7267030000000005,1.378135499999999,-5.5230472499999905,,,,,,
-0.0572640495,-0.00305082225,0.00842973075,2.659503000000001,1.3907355000000017,-5.485247250000015,,,,,,
0.09368395049999999,-0.03421272225,0.00680853075,2.455802999999996,1.2899354999999986,-5.581847249999981,,,,,,
-0.06589504950000001,-0.01181202225,0.0014976307499999994,2.5650029999999973,1.449535499999996,-5.506247250000001,,,,,,
0.0609869505,0.06337427775000001,0.00080883075,2.691003000000002,1.5209355000000002,-5.47054725000001,,,,,,
0.07415395049999998,-0.012192122250000001,0.01841523075,2.6952029999999993,1.7456354999999988,-5.590247250000004,,,,,,
-0.1269420495,-0.005171822249999999,-0.00566966925,2.6175029999999992,1.6280354999999993,-5.638547249999988,,,,,,
-0.0053688495,-0.01622412225,-0.016631669249999998,2.6280029999999996,1.7582355000000014,-5.586047249999979,,,,,,
0.0212759505,-0.03933672225,-0.0022403692499999997,2.762402999999999,1.7015354999999985,-5.54614724999999,,,,,,
-0.020579149499999998,0.09080027775,-0.0043214692499999995,2.8632029999999986,2.0438355,-5.46424725,,,,,,
0.0534689505,0.03790127775,-0.00145076925,2.657403000000002,1.9976354999999977,-5.728847250000001,,,,,,
0.0140876505,-0.02738772225,-0.0014906692499999999,2.676302999999997,2.064835500000001,-5.525147250000003,,,,,,
-0.0251970495,-0.02432172225,-0.0016187692499999998,2.781303000000001,2.1509354999999992,-5.615447249999988,,,,,,
0.06338095049999999,-0.07915272224999999,0.01065363075,2.7876030000000043,2.0375355000000006,-5.615447249999988,,,,,,
-0.0381750495,0.01215107775,-0.01348586925,2.8191030000000055,2.243335499999997,-5.646947250000011,,,,,,
-0.025512049499999998,0.08002727775,-0.0017153692499999999,2.684702999999999,2.2391354999999997,-5.65744724999999,,,,,,
-0.019844149499999998,-0.02430072225,0.02123343075,2.8758029999999977,2.440735499999999,-5.701547250000004,,,,,,
-0.0020193495,-0.02092182225,0.004183530749999999,2.8695029999999946,2.4890355,-5.65744724999999,,,,,,
-0.0074814495,0.07049327775,0.00261063075,2.7792030000000025,2.5604355000000005,-5.607047249999994,,,,,,
-0.0240840495,-0.02191932225,-0.00170066925,2.8758029999999977,2.762035499999996,-5.709947249999999,,,,,,
0.0741959505,-0.07281072224999999,-0.00446216925,2.7477030000000013,2.707435499999999,-5.743547249999978,,,,,,
0.0357239505,0.0016972777499999995,-0.0041996692499999995,3.083703,2.762035499999996,-5.812847250000004,,,,,,
-0.0723840495,0.025364277749999997,-0.00303836925,2.852702999999998,2.9951354999999964,-5.651147250000008,,,,,,
0.0321119505,0.018753477749999997,0.0007206307499999999,2.762402999999999,2.9951354999999964,-5.76874724999999,,,,,,
-0.0654330495,-0.04422972225,0.01729383075,2.9220029999999966,2.7893355,-5.787647249999992,,,,,,
-0.0686880495,-0.03062172225,0.0025350307500000007,3.069003000000002,3.1862354999999987,-5.688947249999984,,,,,,
0.10689295049999999,0.05306327774999999,-0.00363056925,2.919902999999998,3.305935499999997,-5.697347250000007,,,,,,
0.0341069505,0.02767427775,0.0007878307500000003,2.8884029999999967,3.308035499999999,-5.688947249999984,,,,,,
-0.1168830495,-0.04641372225,-4.166925000000012e-05,3.0480029999999942,3.4109354999999972,-5.901047249999976,,,,,,
-0.0252600495,-0.01598472225,0.005567430750000001,3.0795029999999954,3.5768355000000014,-5.949347249999988,,,,,,
0.09362095049999998,0.04644827775,-0.0052139692500000005,2.8632029999999986,3.522235499999997,-6.048047249999996,,,,,,
0.060566950499999994,-0.022893722249999998,0.0022746307499999997,3.0354030000000023,3.6062355000000004,-6.0858472500000005,,,,,,
-0.0207240495,-0.01072842225,0.01440003075,2.991303000000002,3.7553354999999975,-6.022847250000012,,,,,,
-0.0915150495,-0.01573482225,0.00409113075,3.1131029999999953,3.860335499999998,-6.014447250000018,,,,,,
0.0050912505,-0.0011587222500000001,-0.02190266925,3.0984029999999976,3.9191354999999994,-5.99764725,,,,,,
0.025160950499999998,0.02603627775,-0.00987386925,3.0795029999999954,4.143835500000002,-6.10264724999999,,,,,,
-0.0314970495,0.01348247775,-0.00384266925,3.123603000000003,3.9779354999999974,-6.14464725000002,,,,,,
0.032531950500000004,0.01575047775,0.00872583075,3.1446029999999965,3.906535499999997,-6.157247249999983,,,,,,
0.0655859505,-0.010373522250000001,-0.0006800692500000002,3.304203000000001,4.1459355,-6.21394724999999,,,,,,
0.0212759505,0.02920727775,0.0015207307499999997,3.2433029999999974,4.3580355,-6.268547249999983,,,,,,
-0.023034049499999997,0.02042927775,0.00523353075,3.251702999999999,4.4357355,-6.218147249999987,,,,,,
-0.1007340495,-0.09074472224999999,-0.00107066925,3.2433029999999974,4.393735499999998,-6.2286472499999945,,,,,,
0.06491395049999998,0.03720827775,-0.02235836925,3.239103,4.303435499999999,-6.411347250000006,,,,,,
0.0701429505,0.043361277749999996,-0.005608769249999999,3.312603000000003,4.477735499999998,-6.388247250000006,,,,,,
-0.057201049500000004,0.021290277749999996,0.01007613075,3.3588030000000018,4.570135499999999,-6.094247249999995,,,,,,
-0.0213645495,-0.028962722249999996,0.00447963075,3.3420029999999983,4.715035499999999,-6.264347249999986,,,,,,
0.0376139505,-0.029172722249999998,-0.00704726925,3.3861029999999985,4.8074355,-6.402947249999983,,,,,,
0.0218429505,0.033680277749999994,-0.005814569249999999,3.384003,4.801135500000001,-6.409247249999993,,,,,,
0.0336029505,0.052244277750000005,0.0011847307499999998,3.5058030000000002,4.893535499999999,-6.279047249999991,,,,,,
-0.0685830495,-0.08429772224999998,0.01077123075,3.480602999999995,5.0258354999999995,-6.520547249999993,,,,,,
-0.0249660495,-0.01303842225,0.01006143075,3.316803,4.815835499999999,-6.568847250000005,,,,,,
0.0408059505,0.030761277749999996,-0.00992636925,3.3525029999999987,4.948135499999999,-6.543647249999992,,,,,,
0.0288149505,-0.00549102225,-0.00123236925,3.486902999999998,5.0132355,-6.276947250000006,,,,,,
-0.0228030495,-0.025014722250000003,0.00436833075,3.512102999999996,5.1203354999999995,-6.526847250000003,,,,,,
-0.0293970495,0.00042467774999999986,-0.00036506924999999985,3.369302999999995,5.1854355000000005,-6.686447249999986,,,,,,
-0.015125449499999999,0.046490277749999996,-0.01944776925,3.4386030000000005,5.271535499999999,-6.478547249999991,,,,,,
-0.024945049499999997,0.04846427775,0.00487653075,3.461703,5.584435500000001,-6.526847250000003,,,,,,
0.0461189505,-0.05498172224999999,0.013194630749999998,3.3798030000000026,5.624335500000001,-6.619247250000001,,,,,,
-0.0168600495,-0.11180772224999999,0.006424230750000001,3.4176029999999997,5.387035499999996,-6.627647249999995,,,,,,
-0.0683940495,0.018805977749999998,0.0038622307500000004,3.5373030000000014,5.555035499999999,-6.707447250000001,,,,,,
0.1258139505,0.06144227774999999,0.005307030749999999,3.440702999999999,5.7818355,-6.528947249999987,,,,,,
-0.020900449499999998,0.0004435777499999997,-0.0038657692499999997,3.5562030000000036,5.7419355,-6.55414725,,,,,,
-0.1813110495,-0.00821892225,0.00177903075,3.455403000000004,5.7629354999999975,-6.654947249999992,,,,,,
0.1034069505,-0.04569972225,-0.00037136925000000017,3.619203000000006,5.855335499999999,-6.720047250000022,,,,,,
0.1533029505,0.05934227775,-0.00672386925,3.833402999999997,5.993935499999999,-6.724247250000019,,,,,,
-0.1126620495,0.05629727775,0.0063045307500000005,3.6990030000000047,6.035935499999997,-6.875447249999979,,,,,,
-0.08970904950000001,-0.08492772224999999,-0.0002831692500000001,3.449103000000001,6.151435499999998,-7.014047250000004,,,,,,
0.08767795049999999,0.02956427775,-0.009859169249999999,3.436503000000002,6.096835500000001,-6.911147249999999,,,,,,
0.07730395049999998,0.06885527775,-0.009581969249999999,3.489003000000004,6.111535499999999,-6.862847249999987,,,,,,
-0.012867949499999998,-0.08490672224999998,-0.00432356925,3.7263030000000015,6.451735499999998,-6.86494725,,,,,,
0.0149738505,-0.0008647222500000001,-0.00230756925,3.7053030000000007,6.5273354999999995,-6.879647250000005,,,,,,
-0.13467004949999997,0.09155627775,-0.02002106925,3.591902999999995,6.451735499999998,-6.9678472500000055,,,,,,
0.0516839505,-0.016188422249999997,0.004462830750000001,3.6360030000000023,6.451735499999998,-6.902747250000004,,,,,,
0.10947595049999999,-0.03864372225,0.01944843075,3.7389030000000005,6.3824355,-6.7578472499999975,,,,,,
-0.014799949499999998,0.014448477749999997,0.01044783075,3.619203000000006,6.672235500000003,-6.608747249999993,,,,,,
-0.0060933495,-0.02852172225,-0.007853669249999999,3.5835030000000003,6.680635500000001,-6.77674725,,,,,,
-0.07255204950000001,0.045692277749999996,-0.006742769249999999,3.644402999999997,6.787735499999997,-6.846047249999998,,,,,,
-0.08101504949999999,0.017665677749999997,0.013923330749999997,3.566703000000004,6.722635499999999,-6.732647249999985,,,,,,
0.15109795050000002,-0.041394722249999995,-0.005797769249999999,3.6675030000000035,6.5987354999999965,-6.787247250000007,,,,,,
0.0475889505,0.020345277749999998,-0.012973469249999998,3.690602999999996,6.703735499999997,-6.724247250000019,,,,,,
-0.0912420495,-0.029487722249999997,-0.01010696925,3.6801030000000026,6.846535499999998,-6.711647249999999,,,,,,
-0.0117738495,-0.06142872224999999,0.01559493075,3.512102999999996,6.978835499999999,-6.875447249999979,,,,,,
0.0029198504999999996,0.023642277749999996,0.005504430750000001,3.5709030000000013,6.829735500000002,-6.793547249999989,,,,,,
0.0061202504999999996,0.04745627775,0.00983253075,3.617103,7.148935499999997,-6.764147249999979,,,,,,
-0.025071049499999998,-0.00981492225,0.0063045307500000005,3.671703000000001,7.012435499999995,-6.843947249999985,,,,,,
-0.0403170495,0.022214277749999997,0.0038223307500000006,3.7536029999999982,7.1720355,-6.936347250000011,,,,,,
0.034967950500000004,-0.029109722249999997,-0.0006422692499999999,3.6213029999999975,7.285435499999998,-6.932147250000014,,,,,,
0.0177773505,-0.04431372225,-0.00239156925,3.619203000000006,7.211935499999999,-6.881747250000018,,,,,,
0.0116054505,0.035255277749999994,0.004395630750000001,3.741002999999999,7.369435500000002,-6.881747250000018,,,,,,
0.0027098504999999995,-0.03971472225,0.010139130750000001,3.715803000000001,7.3925354999999975,-6.9468472499999905,,,,,,
0.0002738505,-0.01739592225,-0.00533996925,3.7725030000000004,7.535335499999999,-6.984647249999995,,,,,,
-0.0021327495,0.04613327775,-0.012467369249999999,3.768302999999996,7.514335500000001,-6.9468472499999905,,,,,,
-0.0798390495,0.03519227775,-0.00995366925,3.7851029999999994,7.577335499999997,-6.923747249999991,,,,,,
-0.0511950495,-0.01783482225,0.00603153075,3.703202999999995,7.631935500000001,-6.963647250000008,,,,,,
0.08246995049999999,-0.00864102225,0.0018672307500000001,3.808202999999999,7.6340354999999995,-6.990947250000005,,,,,,
0.05869795049999999,0.03714527775,-0.00233066925,3.799802999999997,7.741135499999995,-7.08124724999999,,,,,,
0.0103874505,-0.04422972225,0.00956163075,3.730502999999999,7.986835499999998,-7.028747249999981,,,,,,
-0.021246949499999997,0.014299377749999998,0.00883503075,3.678002999999997,8.102335499999995,-7.140047250000009,,,,,,
0.0011999505000000001,0.031202277749999993,-0.01811006925,3.449103000000001,8.180035499999995,-7.192547250000018,,,,,,
-0.0532740495,-0.028080722250000002,-0.010081769249999999,3.402903000000002,8.2892355,-7.291247249999998,,,,,,
0.0189785505,-0.09675072224999999,0.02345943075,3.279003000000003,8.2241355,-7.142147249999994,,,,,,
0.0464759505,0.11211527775,0.013681830749999999,3.436503000000002,8.402635499999999,-7.2219472499999995,,,,,,
0.0051206505,-0.01481922225,-0.0031391692499999997,3.598202999999998,8.677735499999997,-7.295447249999995,,,,,,
-0.0869160495,-0.05059272225,-0.019729169249999998,3.436503000000002,8.742835499999998,-7.175747250000001,,,,,,
0.0424649505,0.03418427775,-0.005331569249999999,3.4134029999999953,8.5118355,-7.213547249999976,,,,,,
0.06804295049999999,-0.033414722249999994,0.01020423075,3.5373030000000014,8.6357355,-7.242947249999986,,,,,,
-0.051657049499999996,0.025532277749999995,-0.01226576925,3.690602999999996,8.898235500000002,-7.362647250000009,,,,,,
-0.021879049499999997,0.05258027775,0.007999230750000001,3.430202999999999,9.190135499999997,-7.345847249999991,,,,,,
0.035387950499999994,-0.12113172224999999,0.027953430749999997,2.959803000000001,9.2405355,-7.375247250000001,,,,,,
-0.0618630495,0.03300827775,0.022409430749999997,2.814903000000001,9.307735499999996,-7.478147249999978,,,,,,
-0.0168033495,0.09628127775,-0.01880936925,3.436503000000002,9.047335499999996,-7.406747249999995,,,,,,
0.0430529505,-0.04813572225,-0.02106686925,3.9237030000000033,9.255235499999998,-7.406747249999995,,,,,,
-0.0256800495,-0.043893722249999996,-0.00272966925,3.715803000000001,9.4022355,-7.589447250000006,,,,,,
0.0298439505,0.08324027775,-0.01964936925,3.6024030000000025,9.528235500000001,-7.465547249999986,,,,,,
0.06611095049999999,-0.07306272224999999,-0.03435356925,3.6486030000000014,9.605935500000001,-7.572647249999989,,,,,,
-0.012943549499999998,0.041576277749999994,0.03177543075,3.604503000000001,9.899935499999998,-7.572647249999989,,,,,,
0.0430529505,0.09140927775,0.034379430749999995,3.455403000000004,9.8579355,-7.536947249999997,,,,,,
-0.12837004949999997,-0.09024072224999999,-0.00945806925,3.272703,9.591235499999996,-7.795247250000017,,,,,,
-0.0201633495,-0.09179472224999999,0.012186630749999998,3.421802999999997,9.3560355,-7.698647249999993,,,,,,
0.0440819505,0.00539957775,0.0027576307499999997,3.625502999999995,9.702535499999996,-7.660847249999989,,,,,,
-0.07469404950000001,0.042395277749999995,-0.041010569250000004,3.7599030000000013,10.145635500000001,-7.72594724999999,,,,,,
0.07671595049999999,0.05780927775,0.00446703075,3.7074029999999993,10.828135499999998,-7.64404725,,,,,,
0.1316939505,0.0037678777500000007,0.01691163075,3.4050030000000007,10.878535500000002,-7.839347250000003,,,,,,
-0.033303049499999994,-0.005722022249999999,0.03057843075,3.195003,10.569835499999996,-7.854047250000008,,,,,,
0.0030290505,0.03851027775,-0.01752416925,3.3924030000000016,10.156135499999998,-7.969547250000005,,,,,,
-0.061044049499999996,-0.013290422250000001,-0.013231769249999999,3.6360030000000023,10.3430355,-7.8162472500000035,,,,,,
-0.0538410495,-0.04002972225,-0.009472769249999999,3.663302999999999,10.366135499999995,-7.681847250000004,,,,,,
0.0506129505,-0.11808672224999998,-0.04848656925,3.552002999999999,10.928935499999998,-7.749047250000018,,,,,,
-0.014369449499999997,-0.09076572225,-0.01638596925,3.489003000000004,11.294335499999999,-7.851947249999995,,,,,,
0.08648095049999999,0.15233027775,0.057017430749999994,3.421802999999997,11.720635499999997,-7.812047250000006,,,,,,
0.0202469505,0.24181127775,0.06535443075,3.5184029999999993,11.416135499999996,-8.061947250000003,,,,,,
-0.12326704949999999,0.011145177749999999,0.00932013075,3.4827030000000008,11.134735500000001,-8.145947250000006,,,,,,
0.1320719505,-0.16550472224999999,-0.028767569249999996,3.5289029999999997,11.147335499999997,-7.938047250000011,,,,,,
0.0806219505,-0.06325572225,-0.06434156925,3.5184029999999993,11.147335499999997,-8.003147249999984,,,,,,
-0.14586304949999998,-0.01315392225,-0.042606569250000004,3.6402029999999996,11.651335499999998,-7.654547250000007,,,,,,
-0.062073049500000005,-0.05386872225,0.02971743075,3.442803000000005,12.272935499999999,-7.994747249999989,,,,,,
0.0445229505,0.021941277749999998,0.02375343075,3.3273030000000006,12.325435500000001,-8.131247250000001,,,,,,
0.0384749505,0.062156277749999995,0.023627430749999997,3.253802999999998,12.230935500000005,-8.028347249999996,,,,,,
-0.0187773495,-0.0015451222500000002,0.03041043075,3.4701030000000017,12.132235500000004,-8.11864725000001,,,,,,
0.0018383504999999996,-0.01243362225,-0.00841226925,3.554103000000005,12.220435499999997,-8.31184725,,,,,,
0.045740950499999995,0.00508667775,-0.02589056925,3.5688030000000026,12.3170355,-8.303447250000005,,,,,,
0.0037640504999999994,0.04661627775,-0.02654156925,3.623402999999996,12.781135499999994,-8.204747249999997,,,,,,
-0.0157491495,0.05459627775,0.02083443075,3.442803000000005,12.879835499999995,-8.057747250000006,,,,,,
-0.06442504950000001,-0.08547372225,0.03645843074999999,3.377703000000004,13.079335500000003,-7.975847249999987,,,,,,
-0.0439920495,-0.12064872224999998,0.0024321307500000003,3.1845029999999994,13.007935499999999,-8.456747250000006,,,,,,
0.0125168505,0.009305577749999999,-0.035529569250000004,3.442803000000005,12.999535500000004,-8.591147250000006,,,,,,
0.0393149505,0.19729127775,-0.00525176925,3.520502999999998,13.0940355,-8.418947250000002,,,,,,
-0.0048144495,0.01998827775,-0.01158536925,3.566703000000004,13.306135499999993,-8.349647250000004,,,,,,
-0.004331449499999999,-0.04042872225,-0.012545069249999999,3.480602999999995,13.511935500000003,-8.345447249999978,,,,,,
0.09221395049999999,0.03727127775,0.004924830750000001,3.4323029999999974,13.671535500000001,-8.267747250000014,,,,,,
0.0697439505,-0.06176472225,0.029171430749999994,3.4764029999999977,13.766035500000005,-8.418947250000002,,,,,,
-0.1503150495,-0.06627972224999999,0.024950430750000002,3.325203000000002,13.793335500000001,-8.553347250000002,,,,,,
-0.009493249499999998,0.07759127775,-0.01753046925,3.3399029999999996,13.614835499999995,-8.647847250000012,,,,,,
0.0121304505,0.04208027775,-0.010669769249999999,3.447002999999995,13.581235499999995,-8.463047249999988,,,,,,
0.05806795050000001,-0.044628722249999996,-0.02052926925,3.3525029999999987,13.957135500000003,-8.463047249999988,,,,,,
0.0027371505,-0.04987872225,-0.011261969249999998,3.3945030000000003,14.125135499999995,-8.253047250000009,,,,,,
-0.0733920495,0.026792277749999996,-0.007786469250000001,3.331503000000005,14.001235499999996,-8.675147250000009,,,,,,
0.0381809505,0.12574427775,0.0050571307499999996,3.291603000000002,14.278435500000004,-8.425247250000012,,,,,,
0.045005950499999996,-0.09427272225,0.0037719307499999998,3.245403000000003,14.368735499999996,-8.42944725000001,,,,,,
0.0035792504999999997,-0.019810922249999998,0.03881043075,3.1761029999999977,14.387635499999998,-8.557547249999999,,,,,,
0.0270089505,0.03105527775,0.011136630750000001,3.159302999999994,14.379235499999997,-8.689847250000014,,,,,,
-0.16073104949999997,-0.08856072224999999,-0.027990569249999996,3.1782029999999963,14.381335499999995,-8.582747250000011,,,,,,
0.0011075504999999999,0.013337577749999998,-0.008905769249999999,3.371403000000001,14.498935499999998,-8.253047250000009,,,,,,
0.1142219505,0.013207377749999999,0.01155033075,3.264302999999998,14.559835499999995,-8.414747250000005,,,,,,
0.05403595049999999,-0.032721722249999995,0.00923193075,3.211802999999996,14.755135499999998,-8.519747249999995,,,,,,
-0.0100980495,0.05629727775,0.006323430750000001,3.090003000000003,14.9294355,-8.463047249999988,,,,,,
-0.07402204949999999,0.02360027775,-0.00414716925,3.029102999999999,15.1289355,-8.580647249999998,,,,,,
-0.0813300495,-0.02778672225,-0.00509006925,2.5839029999999994,15.257035499999997,-8.93344725,,,,,,
0.0345059505,-0.10202172224999999,0.02205243075,2.3991030000000038,15.133135499999998,-9.250547250000011,,,,,,
0.0023675504999999997,-0.01405902225,0.01834593075,2.539802999999999,15.189835499999997,-8.90404724999999,,,,,,
0.0021890505,0.11343827775,-0.01649306925,3.0207029999999975,15.3200355,-8.677247249999994,,,,,,
0.030746950500000002,-0.023292722249999998,-0.033135569250000003,3.0081029999999984,15.422935499999998,-8.668847249999999,,,,,,
-0.0837030495,-0.05298672225,0.00534273075,2.4600030000000004,15.196135499999993,-8.708747249999988,,,,,,
0.0251399505,-0.029298722250000003,0.00915423075,2.4789030000000025,15.425035499999996,-9.025847249999998,,,,,,
0.1558229505,0.05314727775,-0.0036494692499999997,2.892603000000001,15.578335499999998,-9.204347249999984,,,,,,
-0.13723204949999998,0.06345827775,0.010464630749999999,2.9283029999999997,15.502735499999996,-9.16234725000001,,,,,,
-0.1060890495,0.07383227775,0.03931443075,2.495702999999999,15.504835499999995,-9.153947249999987,,,,,,
0.017178850500000002,-0.10706172224999998,-0.0032798692500000002,2.241603000000005,15.603535500000003,-9.032147250000008,,,,,,
0.1712789505,-0.03011772225,-0.02633156925,2.489402999999996,15.672835500000001,-8.878847250000007,,,,,,
-0.0353190495,0.00936437775,-0.02958656925,2.594403,15.559435500000003,-8.918747249999996,,,,,,
-0.0532950495,0.01719737775,0.01579233075,2.6091030000000046,15.884935499999994,-9.048947249999998,,,,,,
0.0189680505,0.04063127775,-0.02817956925,2.7792030000000025,15.891235499999997,-9.246347250000014,,,,,,
0.06753895049999999,-0.01186032225,-0.00239156925,2.8170029999999997,15.815635500000003,-9.225347249999999,,,,,,
0.08293195049999999,0.011033877749999999,0.00553173075,2.604903,15.805135499999995,-9.009047250000009,,,,,,
-0.058671049499999996,-0.00299832225,0.00738603075,2.464203000000005,16.002535499999997,-8.906147250000004,,,,,,
-0.1881150495,-0.02686272225,-0.010865069249999998,2.3886029999999963,16.191535499999997,-9.05734725000002,,,,,,
0.06789595049999998,-0.0005728222500000002,0.00828693075,2.502002999999995,16.061335499999995,-9.23794724999999,,,,,,
0.06926095049999999,0.10188827775,0.02196843075,2.659503000000001,15.857635499999997,-9.34294724999998,,,,,,
-0.08059504950000002,-0.10080372224999999,0.00888543075,2.7351030000000023,15.758935499999996,-9.31984725000001,,,,,,
-0.0378180495,-0.09756972224999999,-0.00179096925,2.7540030000000044,16.223035499999998,-9.05734725000002,,,,,,
-0.0196383495,-0.04492272225,0.0003741307499999999,2.403303000000001,16.298635499999993,-9.242147250000016,,,,,,
0.1155449505,0.04749827775,0.01869243075,2.050502999999999,16.372135500000002,-9.315647249999984,,,,,,
0.12176095049999999,0.09191327775,0.01306863075,1.979103000000002,16.571635499999996,-9.23164724999998,,,,,,
-0.0793770495,0.06994727775000001,0.0012729307499999998,2.241603000000005,16.859335499999997,-9.450047250000011,,,,,,
-0.1364760495,-0.10008972225,-0.020558669249999998,2.5650029999999973,16.493935499999996,-9.57814725,,,,,,
-0.050019049499999996,-0.13154772225,-0.02283506925,2.514603000000001,16.1537355,-9.771347249999991,,,,,,
0.0553799505,-0.052356722249999994,-0.03172856925,2.552402999999998,16.1516355,-9.647447249999999,,,,,,
0.06503995049999999,0.060371277749999994,-0.0013394692500000001,2.4474030000000013,16.4414355,-9.529847250000017,,,,,,
0.0174728505,0.12853727775,0.03738243075,2.586002999999998,16.861435499999995,-9.599147249999987,,,,,,
-0.044391049499999995,0.14246027775,0.05038143075,2.226903,16.850935500000002,-9.704147250000005,,,,,,
0.024362950499999998,-0.07083672224999998,0.04343043075,2.1051029999999997,17.046235499999998,-9.949847250000005,,,,,,
0.0426119505,-0.06657372225,-0.01627046925,2.0421029999999973,17.052535499999994,-10.021247249999988,,,,,,
0.017090650500000002,0.008249277749999999,-0.060162569250000006,2.285702999999998,16.823635499999998,-9.844847250000015,,,,,,
-0.0409890495,0.043193277749999995,-0.03880556925,2.567102999999996,16.848835499999996,-9.859547249999991,,,,,,
0.012880150500000001,-0.10428972224999998,-0.025680569249999997,2.3865030000000047,16.8320355,-9.769247250000006,,,,,,
0.0295289505,-0.08415072224999999,-0.031560569249999997,2.3928030000000007,17.0630355,-9.73564725,,,,,,
-0.045945049499999994,0.07857827775,0.01902843075,2.3466030000000018,17.3906355,-10.044347249999987,,,,,,
0.0399449505,0.15550127775,0.05983143075,2.1786030000000025,17.493535500000004,-10.145147250000008,,,,,,
0.12719995050000002,0.04546127775,0.01505733075,2.2584030000000013,17.527135500000004,-10.382447249999984,,,,,,
-0.0157029495,-0.07203372225,-0.00417446925,2.2311029999999974,17.3108355,-10.132547250000016,,,,,,
-0.0630600495,-0.04196172225,-0.03956156925,2.233202999999996,17.4011355,-10.107347250000004,,,,,,
-0.0821490495,0.03443627775,-0.01637126925,2.130303000000005,17.283535500000003,-9.977147250000002,,,,,,
-0.054135049500000004,0.0008845777499999999,0.00925923075,2.1051029999999997,17.457835499999998,-10.138847249999998,,,,,,
0.0147785505,-0.16617672225,0.012518430749999998,2.1261030000000005,17.682535499999997,-10.208147249999996,,,,,,
0.05025595049999999,0.02242427775,0.01719093075,2.1597030000000004,17.7350355,-10.15144724999999,,,,,,
0.0292769505,0.15132227774999998,0.01877643075,2.0463030000000018,17.7770355,-10.464347250000003,,,,,,
-0.12939904949999997,-0.06344472224999999,0.00014313075000000003,1.9434029999999964,17.892535499999997,-10.281647249999992,,,,,,
0.09296995049999998,-0.05710272225,-0.00208706925,1.9938029999999998,17.858935499999998,-10.191347250000007,,,,,,
0.0647459505,0.10661327775,0.00439983075,2.0736029999999985,17.835835499999998,-10.424447250000014,,,,,,
-0.0661470495,0.03286127775,0.0007416307499999997,1.9161029999999997,17.781235499999998,-10.558847250000014,,,,,,
-0.0087855495,-0.10914072224999999,0.01320723075,1.9434029999999964,17.6237355,-10.619747249999989,,,,,,
-0.0183384495,-0.08635572224999999,-0.018771569249999998,1.9434029999999964,17.7455355,-10.57984725,,,,,,
0.1320719505,0.12891527775,-0.00869156925,1.9308029999999974,17.850535499999996,-10.607147249999997,,,,,,
-0.21692704949999997,-0.12972072224999998,-0.014563169249999999,2.0337030000000027,18.0017355,-10.636547250000007,,,,,,
-0.004136149499999999,0.03842627775,-0.01554806925,1.8951029999999989,17.749735500000003,-10.689047250000016,,,,,,
0.12394495049999998,0.19981127775,0.030851430749999995,1.8972029999999975,17.6993355,-10.88434724999999,,,,,,
-0.1217130495,-0.06535572225,0.01532613075,1.7355029999999942,17.8316355,-11.020847250000003,,,,,,
0.1755419505,-0.15500472225,-0.005841869249999999,1.712403000000002,18.236935499999998,-10.733147250000002,,,,,,
-0.008250049499999999,0.034730277749999997,-0.00267086925,1.8762029999999967,18.394435499999997,-10.785647249999982,,,,,,
0.0298439505,0.23320127775000002,0.0032784307499999998,1.9854030000000051,17.835835499999998,-11.02504725,,,,,,
0.17864995050000002,0.14495927775,-0.00419126925,1.8405029999999982,17.749735500000003,-11.060747249999991,,,,,,
-0.23456704949999999,-0.30607872225,-0.03664256925,1.8741030000000052,17.8778355,-11.193047250000006,,,,,,
-0.17805604949999998,-0.11157672225,-0.058377569250000004,1.783802999999999,17.863135500000002,-11.01874724999999,,,,,,
0.2127329505,0.21766127775,0.00526293075,1.8993029999999962,17.615335499999997,-10.98934724999998,,,,,,
0.2044799505,-0.047232722250000005,0.029507430750000004,1.8783029999999954,17.537635499999997,-10.852847249999996,,,,,,
-0.12228004950000002,-0.045258722249999994,0.02062443075,1.9098029999999966,18.008035500000002,-10.82554725,,,,,,
-0.034353049499999996,-0.00307392225,-0.01681646925,1.6578030000000012,17.963935499999995,-10.871747249999999,,,,,,
-0.0059085495000000005,0.09571427775,0.040742430749999996,1.7166029999999992,18.003835499999997,-11.157347250000015,,,,,,
-0.0173871495,0.04581827775,0.03148143075,1.6326030000000031,17.8127355,-11.102747250000021,,,,,,
0.11331895049999999,-0.028647722249999997,-0.02339156925,1.7208029999999965,17.615335499999997,-11.132147250000003,,,,,,
-0.0031806495,-0.007948022249999999,-0.04911656925,1.7544029999999964,17.262535499999995,-10.955747250000002,,,,,,
-0.3448170495,-0.25840872225000006,0.035177430749999995,1.449902999999999,17.3633355,-10.739447250000012,,,,,,
0.12203395049999997,-0.14124972225,0.017613030749999998,1.6830029999999994,17.6531355,-11.13634725,,,,,,
0.12012295049999998,0.29389127774999996,0.00508653075,1.638902999999999,17.327635499999996,-11.434547250000008,,,,,,
-0.0775080495,0.22249127775,0.015200130749999999,1.638902999999999,17.529235500000002,-11.207747250000011,,,,,,
-0.032610049499999995,-0.21367872224999998,0.01892343075,1.4520029999999977,17.6972355,-11.45344725000001,,,,,,
-0.0826110495,-0.16466472224999998,0.02975943075,1.483502999999999,17.472535499999996,-11.478647249999995,,,,,,
0.1554659505,0.012751677749999997,-0.026226569249999998,1.5444029999999955,17.249935499999996,-11.27074725,,,,,,
0.17734795050000002,0.25798127774999996,-0.018313769249999997,1.5276029999999992,17.092435499999997,-10.957847249999986,,,,,,
-0.18719104949999998,-0.01455882225,-0.01425026925,1.4982029999999966,16.9790355,-11.012447250000008,,,,,,
-0.2179770495,-0.30922872225000003,0.00895263075,1.4583030000000008,16.6997355,-11.512247250000001,,,,,,
0.0438719505,-0.06741372224999999,-0.0075050692499999995,1.626303,17.004235499999997,-12.072947249999999,,,,,,
0.26502295049999997,0.34030127774999996,-0.0027674692499999997,1.6242030000000014,16.7564355,-12.037247250000007,,,,,,
0.0194069505,0.13445927775000002,-0.00742526925,1.359603,16.762735499999994,-11.82724725,,,,,,
-0.23036704949999998,-0.21157872225,0.01643073075,1.3281029999999987,16.8677355,-11.596247250000005,,,,,,
0.046496950499999995,-0.14019972225,0.01009923075,1.3743029999999976,16.792135500000004,-11.495447249999984,,,,,,
0.2236529505,0.18821927775,-0.036180569249999996,1.483502999999999,16.111735499999998,-11.508047250000004,,,,,,
0.0034406504999999997,0.18653927775,-0.00904646925,1.4478030000000004,16.172635499999995,-11.701247249999994,,,,,,
-0.1014060495,-0.14985972224999997,-0.01259546925,1.4205029999999965,16.141135499999994,-11.936447249999986,,,,,,
-0.17795104949999999,-0.23026872224999997,0.01532613075,1.3218029999999956,16.126435499999996,-12.012047249999995,,,,,,
0.27027295049999994,0.21745127774999998,-0.014674469249999999,1.3239030000000014,15.662335499999994,-11.942747249999996,,,,,,
0.0761699505,0.06455027775000001,-0.00594896925,1.3218029999999956,15.771535499999995,-11.690747249999987,,,,,,
-0.14676604949999997,-0.19265772225,-0.01155596925,1.3806030000000007,15.7316355,-11.745347250000009,,,,,,
-0.0409680495,0.06188327775,0.019238430749999997,1.3743029999999976,15.416635500000002,-11.661347250000006,,,,,,
-0.0346050495,0.12038927775,0.00342753075,1.4121030000000019,15.162535499999994,-11.791547250000008,,,,,,
0.09593095049999999,-0.06926172224999999,-1.0169250000000279e-05,1.1202030000000036,15.093235500000002,-12.08554724999999,,,,,,
-0.036684049499999996,-0.13812072225,0.015531930749999999,1.208402999999997,14.8622355,-12.00994725000001,,,,,,
-0.1059000495,-0.00455862225,0.041288430749999994,1.1538030000000035,14.839135500000001,-11.995247250000006,,,,,,
0.10416295049999999,0.22249127775,0.00955323075,1.183202999999999,14.979835499999997,-11.986847249999983,,,,,,
-0.0137247495,-0.027240722250000002,-0.019506569249999998,1.1328030000000027,14.7740355,-11.791547250000008,,,,,,
-0.1513230495,-0.25714872225,0.00200163075,1.1076029999999975,14.522035499999998,-12.005747250000013,,,,,,
0.0108830505,-0.062205722250000005,0.031838430749999994,1.0656029999999959,14.322535499999997,-12.19684724999999,,,,,,
-0.0018345494999999997,0.21682127775,-0.00925436925,1.2273029999999991,14.123035499999997,-12.135947250000015,,,,,,
0.1786919505,0.13145627775,-0.020728769249999997,1.4058029999999988,13.8164355,-12.253547249999997,,,,,,
0.0218219505,-0.18020472225,-0.00222776925,1.2756029999999967,13.610635499999997,-12.406847249999998,,,,,,
-0.2765670495,-0.21409872224999998,0.007077330749999999,1.0698030000000003,13.789135499999997,-12.375347250000004,,,,,,
-0.0083529495,0.17309927775,-0.00685826925,1.1559030000000021,13.566535499999997,-12.30184724999998,,,,,,
0.1835639505,0.22480127775,0.01409343075,1.0824029999999993,13.2935355,-12.36694725000001,,,,,,
0.1125419505,-0.15668472225,0.0006891307500000001,1.1013030000000015,13.136035500000002,-12.56014725,,,,,,
-0.1262910495,-0.18484572224999998,0.00504243075,1.260902999999999,13.0604355,-12.362747250000012,,,,,,
-0.14708104949999998,0.19361627775,-0.032379569250000004,1.221002999999996,12.753835499999997,-12.539147249999985,,,,,,
0.1602959505,0.19487627775,-0.03456356925,1.2798030000000011,12.764335499999998,-12.547547250000008,,,,,,
0.12257995049999999,-0.07526772224999999,0.01214043075,1.1580029999999937,12.533335500000003,-12.690347250000002,,,,,,
-0.0513630495,-0.11279472224999998,0.01800153075,1.0656029999999959,12.157435499999995,-12.55384724999999,,,,,,
-0.05757904949999999,-0.08041272225,-0.012007469249999998,1.1874030000000033,12.1280355,-12.686147250000005,,,,,,
-0.0554160495,0.014925177750000001,-0.01396676925,1.1874030000000033,11.911735500000002,-12.526547249999993,,,,,,
0.09467095049999999,0.10497527775,-0.020205869249999998,1.3743029999999976,11.636635499999997,-12.585347250000012,,,,,,
0.1064309505,-0.06932472224999998,0.00890223075,1.2567030000000017,11.619835499999997,-12.539147249999985,,,,,,
-0.16923604949999999,0.052055277750000004,0.03297243075,1.1412029999999973,11.5484355,-12.738647250000014,,,,,,
-0.026940049499999997,0.05818727775,0.004872330750000001,1.1727029999999985,11.2418355,-12.73024725000002,,,,,,
0.16623895049999998,0.021416277749999997,-0.01667996925,1.1916030000000006,11.191435499999997,-12.999047250000018,,,,,,
-0.0039534495,0.022907277749999996,-0.00378596925,1.1706029999999998,11.132635499999996,-12.791147249999995,,,,,,
-0.11654704950000001,-0.20338872225,-0.02502956925,1.109702999999996,11.2439355,-12.696647249999984,,,,,,
-0.0055956495,-0.17111172225,0.02026743075,0.777903000000002,10.450135499999998,-12.875147249999998,,,,,,
0.09721195049999999,0.26785127774999995,0.06237243075,0.7863030000000037,10.0091355,-13.02844725,,,,,,
-0.3036570495,-0.06081972225,-0.013712669249999998,1.0467030000000008,10.1855355,-12.980147249999987,,,,,,
-0.0060471495,-0.10884672225,-0.037944569250000004,1.391103000000001,10.498435500000003,-12.889847250000003,,,,,,
0.1626269505,0.07038827775,0.00828693075,1.2966030000000046,10.399735500000002,-12.774347250000005,,,,,,
0.41454295049999995,0.21451127774999998,0.02969643075,1.006802999999998,9.933535500000001,-13.104047250000008,,,,,,
-0.0854460495,0.03216827775,0.02828943075,0.8829029999999989,9.7466355,-13.173347249999978,,,,,,
-0.3996270495,-0.27709872225000004,-0.027276569249999997,1.3029030000000006,9.448435500000002,-13.072547250000014,,,,,,
-0.009329449499999998,-0.09964872224999999,-0.08246456925,1.1160029999999992,8.975935500000002,-13.188047250000011,,,,,,
-0.028263049499999998,0.34471127775,-0.021262169249999997,1.0887030000000024,9.1082355,-13.272047249999986,,,,,,
0.2490629505,-0.13782672225,0.03156543075,1.214703,9.137635499999998,-13.328747249999992,,,,,,
-0.0567810495,0.027632277749999996,-0.005486969249999999,1.1937029999999993,8.915035499999998,-13.196447250000006,,,,,,
-0.18996304949999998,-0.15939372224999998,0.02994843075,1.3176029999999983,8.6168355,-13.272047249999986,,,,,,
0.29631295049999995,0.15890327775,0.04280043074999999,1.208402999999997,8.566435499999997,-13.360247250000015,,,,,,
0.0515369505,0.21703127774999997,-0.00943496925,1.2987030000000033,8.574835499999995,-13.219547250000005,,,,,,
-0.010625149499999998,-0.14173272225,-0.046680569250000005,1.620002999999997,8.0771355,-13.219547250000005,,,,,,
0.0062273505,-0.021209522249999998,-0.04865456925,1.5045029999999997,8.024635500000002,-13.39804724999999,,,,,,
-0.37778704949999997,-0.07770372225,-0.00450416925,1.3827029999999993,7.802035500000002,-13.200647249999975,,,,,,
0.1666799505,-0.23278872224999997,0.01932243075,1.2840029999999985,7.6571355000000025,-13.122947249999982,,,,,,
0.26628295049999995,0.41170127775,0.01021893075,1.3806030000000007,7.1972355000000015,-13.28044724999998,,,,,,
-0.33683704950000004,-0.09847272224999999,0.0027366307500000004,1.5759029999999967,7.209835499999997,-13.16914724999998,,,,,,
0.06403195049999999,-0.27940872225,0.00699753075,1.6893029999999953,7.535335499999999,-13.53244724999999,,,,,,
-0.03695704949999999,0.04344527775,0.010483530750000001,1.678803000000002,7.134235499999999,-13.851647249999985,,,,,,
0.1262549505,0.10474427774999999,0.00761703075,1.6872029999999967,7.069135499999998,-13.595447249999978,,,,,,
0.31248295049999997,0.24916127775,0.04968843074999999,1.3953029999999984,6.840235499999999,-13.282547250000022,,,,,,
-0.2587170495,-0.06919872225,0.0025686307499999997,1.2294029999999978,7.046035500000002,-13.188047250000011,,,,,,
-0.24863704949999996,-0.34555872225,-0.02242976925,1.483502999999999,6.455935499999999,-13.25104725,,,,,,
-0.008741449499999998,0.03676727775,-0.00509426925,1.802703000000001,6.2039354999999965,-13.782347250000015,,,,,,
0.12102595049999999,0.09714227775,-0.042018569250000005,1.7943029999999993,5.9036355,-14.12464725000001,,,,,,
0.1379519505,0.07895627775,0.0014997307500000004,1.6767030000000034,5.907835499999997,-13.826447250000001,,,,,,
-0.2994570495,0.02053427775,0.01606743075,1.5969029999999975,6.2984355,-13.67314725,,,,,,
0.11100895049999998,-0.25420872225,0.030242430750000004,1.8090030000000041,6.262735499999998,-13.855847249999982,,,,,,
0.2541029505,0.21703127774999997,0.02184243075,1.8195029999999974,5.6705355,-13.723547249999996,,,,,,
-0.050586049499999994,0.20525027775,-0.01407386925,1.9497029999999995,5.460535499999999,-13.799147250000004,,,,,,
-0.1805340495,-0.19654272225,0.004704330749999999,1.8111030000000028,5.307235499999997,-13.681547249999994,,,,,,
-0.13695904949999999,-0.07820772224999999,-0.01534646925,1.9707030000000003,5.202235499999997,-13.809647250000012,,,,,,
0.30492295049999996,0.10459727775000001,-0.04521056925,2.0022030000000015,4.950235499999998,-13.962947249999985,,,,,,
0.11711995049999999,-0.08820372224999999,-0.026877569249999997,2.0862029999999976,5.2085355,-13.986047249999984,,,,,,
-0.26312704950000004,-0.06008472225,0.01328493075,2.1534029999999973,5.040535500000001,-14.046947250000017,,,,,,
0.0103874505,0.09991427775,0.05082243075,2.0295029999999983,4.6247355,-14.105747250000007,,,,,,
0.06659395049999998,0.23530127774999998,0.02207343075,2.239502999999999,4.397935499999999,-13.815947249999994,,,,,,
0.0112337505,-0.09985872224999999,-0.04390856925,2.313002999999995,4.5197354999999995,-13.750847249999993,,,,,,
0.0023969505,-0.19076772225,-0.02570156925,2.2899030000000025,4.2635355,-13.723547249999996,,,,,,
-0.013899049499999998,0.12381227774999999,0.01526523075,2.233202999999996,3.9779354999999974,-13.925147250000009,,,,,,
0.07568695049999999,0.14038127775,0.015116130749999998,2.4264030000000005,4.2572355,-14.028047249999986,,,,,,
-0.0449580495,-0.16821372224999998,0.013965330750000001,2.352903000000005,3.9296355,-13.887347250000005,,,,,,
-0.05518504949999999,-0.10533972224999999,-0.011778569249999999,2.411703000000003,3.6062355000000004,-13.969247249999995,,,,,,
0.1360829505,-0.03746772225,0.00029013075000000003,2.4243029999999948,3.337435499999998,-13.986047249999984,,,,,,
-0.1995180495,0.07838927775000001,-0.00225506925,2.6700030000000012,3.1883354999999973,-13.887347250000005,,,,,,
0.0937469505,0.19449827775,-0.00090476925,2.697302999999998,3.1127354999999994,-13.719347249999998,,,,,,
0.12010195049999998,-0.14265672224999998,0.00109443075,2.6994029999999967,3.1043355000000012,-13.857947249999995,,,,,,
-0.18399904949999998,-0.16061172224999998,0.02608443075,2.6469029999999947,3.2282355000000003,-14.187647249999998,,,,,,
0.09756895049999999,0.09111527775,0.057206430749999995,2.6616029999999995,2.854435500000001,-14.133047250000004,,,,,,
-0.0975210495,0.18263327775,-0.028977569249999998,2.932502999999997,2.6675354999999996,-14.141447249999999,,,,,,
-0.03240004949999999,-0.17944872224999997,-0.02847356925,2.9703030000000012,2.4617354999999996,-13.937747250000001,,,,,,
0.09572095049999998,-0.18343872225,0.02079243075,2.8821030000000007,2.260135499999997,-13.692047250000002,,,,,,
-0.1646370495,0.17110427775,-0.023042969249999996,3.1971029999999985,2.3042355000000008,-13.87264725,,,,,,
0.1412699505,0.14477027774999998,-0.011912969249999999,3.3462030000000027,2.3168355,-13.971347250000008,,,,,,
0.18047695049999998,-0.01335132225,0.02345943075,3.1656029999999973,2.1950354999999995,-14.469047250000017,,,,,,
-0.17444404949999998,-0.10521372224999999,0.00722643075,3.2832030000000003,2.142535500000001,-14.462747250000007,,,,,,
-0.0490950495,-0.02493072225,-0.00577886925,3.3063029999999998,1.7813355000000008,-14.319947249999984,,,,,,
-0.045105049499999994,-0.00995772225,-0.01133966925,3.415502999999994,1.4684354999999982,-13.969247249999995,,,,,,
0.0961199505,-0.02358672225,-0.00826106925,3.678002999999997,1.3907355000000017,-13.899947249999997,,,,,,
0.11378095049999998,0.02441927775,-0.04374056925,3.7116030000000038,1.313035499999998,-14.051147250000014,,,,,,
-0.1940160495,0.12454727775000002,0.02207343075,3.552002999999999,1.4054354999999994,-14.275847249999998,,,,,,
-0.015188449499999998,0.024230277749999998,0.02786943075,3.5835030000000003,1.235335499999998,-14.34094725,,,,,,
0.1625849505,-0.07562472225,0.01693683075,3.7074029999999993,1.2878355,-14.506847249999993,,,,,,
-0.061044049499999996,-0.06531372224999998,-0.029334569249999998,3.852302999999999,0.9854354999999977,-14.189747249999982,,,,,,
0.0326159505,-0.006925322249999999,-0.019624169249999997,3.7599030000000013,1.1177354999999984,-14.093147249999987,,,,,,
-0.0023301495,0.18227627775000002,0.037445430749999994,3.7977029999999985,0.8678354999999982,-14.202347250000003,,,,,,
-0.1358880495,-0.040890722250000004,-0.010127969249999999,3.749403000000001,0.47933550000000125,-14.420747250000005,,,,,,
0.0477779505,-0.14337072225,-0.018414569250000002,3.787202999999998,0.3659354999999991,-14.261147249999993,,,,,,
-0.0015405495,-0.06426372224999999,-0.00394346925,4.087502999999998,0.6326354999999992,-14.057447249999996,,,,,,
-0.0380280495,0.09539927775,0.006875730750000001,4.303803000000002,0.5507355000000018,-14.004947249999987,,,,,,
0.043514950499999996,0.09306827775,0.044564430749999995,4.326902999999994,0.2168354999999984,-14.01964725000002,,,,,,
0.0504449505,-0.13730172224999998,0.01431603075,3.9993029999999976,0.06773549999999773,-14.269547249999988,,,,,,
0.0013007505,-0.056514722249999996,-0.024840569249999996,4.182002999999995,0.042535499999999615,-14.26534724999999,,,,,,
-0.0303000495,0.23572127774999999,-0.016787069249999998,4.616703000000001,0.23573550000000054,-14.168747249999996,,,,,,
-0.1285800495,-0.00216672225,0.04439643074999999,4.534802999999997,0.09923549999999892,-14.448047250000002,,,,,,
0.11371795049999998,-0.23698872224999998,0.0016677307500000001,4.1568029999999965,0.008935499999999763,-14.718947249999985,,,,,,
0.0032285505,0.05602427775,0.0038118307499999996,4.198802999999998,-0.4047645000000024,-14.597147250000006,,,,,,
0.0171263505,0.06576827775,-0.06902456925,4.782603000000002,-0.7848645000000012,-14.34094725,,,,,,
0.0836879505,0.05795627774999999,0.02891943075,5.141703,-0.6084645000000002,-14.290547250000003,,,,,,
-0.13231804949999998,0.0052882777500000006,-0.04227056925000001,5.036703000000003,-0.6357645000000005,-14.26534724999999,,,,,,
-0.14947504949999998,-0.20702172224999998,-0.00833876925,5.131202999999999,-0.6378645000000027,-14.242247249999991,,,,,,
0.1490609505,0.12038927775,0.00719283075,5.173203000000001,-0.5664645000000021,-14.284247249999993,,,,,,
0.1310849505,0.18937427775,0.04800843074999999,5.070303000000003,-0.5475645,-14.508947250000006,,,,,,
-0.1934490495,-0.12575172225,0.02049843075,4.744802999999997,-0.9255645000000001,-14.525747249999995,,,,,,
0.15575995050000002,-0.0008857222500000001,-0.0007199692500000001,4.839302999999994,-0.8814644999999999,-14.445947249999989,,,,,,
0.1472549505,-0.10214772224999999,0.031250430749999995,5.364303,-1.0263644999999997,-14.355647249999976,,,,,,
-0.1639650495,0.029333277749999997,-0.05669756925,5.853603,-1.246864500000001,-14.263247250000006,,,,,,
-0.042774049499999994,0.07429427775,-0.06442556925,5.954402999999999,-1.4757645000000004,-14.462747250000007,,,,,,
-0.1051020495,-0.09286572224999999,-0.013082669249999998,5.750702999999994,-1.2615645000000022,-14.53414724999999,,,,,,
0.08545195049999998,0.05934227775,0.05668143074999999,5.639402999999994,-1.204864500000003,-14.498447249999998,,,,,,
0.09168895049999999,0.07775927775000001,0.005890830750000001,5.843102999999999,-1.517764500000002,-14.389247250000011,,,,,,
-0.010148449499999998,-0.12869172224999997,0.00907023075,5.880902999999996,-1.5618644999999987,-14.38294725,,,,,,
-0.0974580495,0.008251377749999999,0.00802653075,5.868302999999997,-1.4505644999999987,-14.521547249999998,,,,,,
-0.061842049499999996,0.004303377749999999,-0.00386366925,5.920802999999999,-1.4673645000000022,-14.56354725,,,,,,
0.033203950499999996,-0.03981972225,-0.00459446925,6.084603000000001,-1.6710645000000035,-14.574047250000007,,,,,,
0.10907695049999999,0.12482027774999999,0.025370430750000002,6.149702999999995,-1.419064500000001,-14.40604725,,,,,,
0.0677279505,0.03416327775,-0.00162716925,6.200102999999999,-1.5072645000000016,-14.469047250000017,,,,,,
-0.0263730495,-0.06928272225,0.00601683075,6.584402999999995,-1.7004645000000025,-14.441747249999992,,,,,,
0.0774719505,0.03237827775,-0.04422356925,6.775502999999993,-1.9461644999999983,-14.683247249999994,,,,,,
-0.24485704949999998,-0.015180422249999999,-0.032484569250000005,6.758702999999997,-2.3052645,-14.786147249999999,,,,,,
-0.19674604949999996,-0.06382272224999999,0.0021381307499999994,6.693602999999996,-2.1624644999999987,-14.842847250000005,,,,,,
0.21714295050000001,-0.02203062225,-0.02126006925,6.884703000000002,-1.9482645000000005,-14.842847250000005,,,,,,
0.08944195049999999,-0.04269672225,-0.01494746925,6.888902999999999,-1.9671645000000026,-14.584547249999986,,,,,,
-0.0163959495,0.01851827775,0.08135643074999999,6.947703000000004,-1.7844644999999986,-14.49424725,,,,,,
0.0529229505,0.045566277749999995,0.05747943075,6.920403,-1.8873645000000039,-14.695847249999986,,,,,,
0.0390629505,0.10676027775000001,0.00811263075,7.122002999999999,-2.1246645000000015,-14.802947249999988,,,,,,
-0.1081680495,0.14456027775,-0.043446569250000004,7.298403,-2.3157645000000002,-14.805047250000001,,,,,,
-0.0054675495,-0.11854872225,0.0022494307500000002,7.451703000000002,-2.414464500000001,-14.550947250000007,,,,,,
0.0116600505,-0.17354772224999998,-0.04699556925,7.773002999999996,-2.3745645000000017,-14.448047250000002,,,,,,
0.0443759505,0.07412627775,-0.06312356925,7.859103000000005,-2.5404645000000023,-14.456447249999997,,,,,,
-0.06339604950000001,-0.09979572225,0.022535430749999998,7.884302999999996,-2.4459645000000023,-14.832347249999998,,,,,,
-0.0762900495,-0.02973972225,0.01365873075,7.980902999999998,-2.2569644999999987,-15.029747249999986,,,,,,
0.047567950500000004,0.10535327775,0.01215723075,8.022903,-2.345164499999999,-15.12634725000001,,,,,,
0.0457199505,0.00394007775,0.040826430749999996,8.008202999999995,-2.441764499999998,-14.914247250000017,,,,,,
0.0483449505,0.14279627775,0.0012603307499999996,8.308503000000002,-2.464864500000001,-14.578247250000004,,,,,,
0.0606089505,0.07001027775,-0.02612156925,8.394602999999996,-2.3262645000000006,-14.555147250000005,,,,,,
-0.15459904949999997,-0.19996572224999998,0.03536643074999999,8.495403000000003,-2.4333644999999997,-14.613947249999995,,,,,,
0.0796769505,-0.13562172225,-0.03500456925,8.652903000000002,-2.6454645000000028,-14.765147249999984,,,,,,
0.0008786505,0.09728927775,0.00387693075,8.808302999999995,-2.765164500000001,-14.865947250000005,,,,,,
-0.12681604949999997,-0.062394722250000006,0.01071453075,8.625602999999998,-2.6916645000000017,-14.949947250000008,,,,,,
0.0511169505,0.06165227774999999,-0.0006422692499999999,8.982602999999997,-2.624464500000002,-14.876447249999984,,,,,,
-0.19340704949999998,-0.09154272224999999,-0.02143856925,9.266103000000001,-2.590864500000002,-14.71054724999999,,,,,,
0.1921529505,0.049619277749999996,-0.00195056925,9.079203,-2.8344644999999993,-14.832347249999998,,,,,,
0.1319039505,0.24286127775,0.00381393075,9.335403,-2.6328645,-14.809247249999999,,,,,,
-0.17824504949999997,-0.16573572224999997,0.00011583074999999996,9.358502999999999,-2.6811644999999977,-14.93314724999999,,,,,,
-0.013766749499999998,-0.00938232225,0.04895343074999999,9.587403000000002,-2.4123645000000025,-14.689547250000004,,,,,,
-0.011353849499999999,-0.03387672225,-0.007685669249999999,9.694502999999997,-2.294764500000003,-14.73364724999999,,,,,,
0.2614529505,0.11205227775000001,0.01168473075,9.711303000000001,-2.826064500000001,-15.122147250000012,,,,,,
0.1161329505,0.23152127775,-0.01685636925,9.994802999999997,-2.9562644999999996,-14.954147250000005,,,,,,
-0.3181470495,-0.27520872225,-0.06652556925,10.171202999999998,-2.6643645000000014,-14.859647249999995,,,,,,
-0.0950640495,-0.19225872224999999,-0.05241356925,10.322403000000001,-2.8617644999999996,-14.637047249999995,,,,,,
0.1683389505,0.08544527775,-0.00495776925,10.261503000000005,-2.7882645000000004,-14.718947249999985,,,,,,
0.0016787504999999999,0.08949827775,0.03253143075,10.513503,-2.779864500000002,-14.855447249999997,,,,,,
-0.0565080495,0.062345277750000004,0.06921843075,10.433703000000001,-2.456464499999999,-14.93314724999999,,,,,,
0.11159695049999999,0.0029530777499999997,0.01168893075,10.605902999999998,-2.3997645000000034,-15.107447250000007,,,,,,
-0.046155049499999996,0.01248287775,0.0032574307499999996,10.528202999999998,-2.779864500000002,-14.796647250000007,,,,,,
0.0021764504999999996,-0.03001272225,0.07232643074999999,10.824302999999993,-2.8827645000000004,-14.61604724999998,,,,,,
0.0298019505,-0.01909692225,-0.10035656925,11.311503000000002,-2.6307645000000015,-14.532047250000005,,,,,,
-0.0433830495,0.029417277749999998,0.00340443075,11.223303000000001,-2.851264499999999,-14.559347250000002,,,,,,
-0.1618440495,-0.14557572224999998,-0.00800066925,11.242202999999996,-2.914264499999998,-14.618147249999993,,,,,,
0.0166769505,-0.06833772225,0.013566330750000001,11.406002999999998,-2.6895644999999995,-14.891147249999989,,,,,,
0.1443359505,0.16066727775,-0.0076163692499999994,11.630702999999997,-2.8113645,-15.036047249999996,,,,,,
-0.042900049499999995,0.013623177749999998,-0.01172606925,11.641202999999997,-2.6055645,-14.983547249999987,,,,,,
-0.0473940495,-0.06063072225,0.047672430749999994,11.773502999999998,-2.4858645000000017,-14.756747250000018,,,,,,
-0.0078573495,-0.07453272224999999,0.014603730750000002,11.889003000000002,-2.4270645,-14.687447249999991,,,,,,
0.1104419505,0.04947227775,-0.027402569249999998,12.109502999999997,-2.8071645000000025,-14.718947249999985,,,,,,
0.0523139505,0.29011127774999995,-0.01044296925,12.426603,-2.7399644999999992,-14.75044724999998,,,,,,
-0.0979200495,-0.04431372225,-0.01682066925,12.600902999999995,-2.6769645000000004,-14.790347249999996,,,,,,
-0.0900870495,-0.35857872225,-0.02199086925,12.579903000000002,-2.6769645000000004,-14.82184724999999,,,,,,
0.0021806505,-0.04599372225,0.013398330750000003,12.645003000000003,-2.6160645000000002,-14.943647249999998,,,,,,
0.2125229505,0.26365127774999997,0.02219943075,12.714302999999994,-2.712664499999999,-15.099047250000012,,,,,,
-0.014848249499999999,0.07433627775,0.01183383075,12.941102999999998,-2.4165645,-14.83444725000001,,,,,,
-0.1584420495,-0.16592472225,-0.020651069249999997,13.058703000000001,-2.5047645000000003,-14.865947250000005,,,,,,
0.0042365505,-0.00800262225,-0.02191736925,13.285502999999999,-2.584564499999999,-14.872247249999987,,,,,,
0.06827395049999999,0.13515227775,0.0017748307499999998,13.251902999999999,-2.6580644999999983,-14.65804725000001,,,,,,
0.0329099505,0.030509277749999994,-0.043383569250000004,13.503903000000001,-2.4984645000000008,-14.65174725,,,,,,
-0.0338490495,-0.13410972224999998,0.01035333075,13.596302999999999,-2.246464500000002,-14.574047250000007,,,,,,
-0.055395049499999995,0.0025456777499999993,0.01649163075,13.690802999999995,-2.4774645,-14.872247249999987,,,,,,
0.1392749505,0.09743627775,0.00216753075,13.787402999999998,-2.7063644999999994,-14.880647249999981,,,,,,
-0.0498300495,0.00401147775,0.00910173075,13.993202999999994,-2.1267645,-14.626547250000016,,,,,,
-0.0011058495,-0.08998872224999999,0.00890853075,14.192703000000002,-2.294764500000003,-14.82814725,,,,,,
0.0217169505,0.011044377749999999,-0.00699056925,14.186402999999999,-2.3304645000000015,-14.90374724999998,,,,,,
-0.12391804949999999,0.032042277749999994,-0.04311056925,14.364902999999998,-2.4585645000000014,-14.85124725,,,,,,
-0.0321480495,-0.03715272225,0.036584430749999994,14.587502999999998,-2.0574644999999983,-14.660147249999994,,,,,,
0.031124950499999998,-0.04565772225,0.02125443075,14.629503,-2.296864499999998,-14.643347249999977,,,,,,
0.0294869505,0.11818427775000001,-0.026562569249999998,14.791203000000003,-2.1204645000000006,-14.781947250000002,,,,,,
0.0676019505,-0.01261212225,-0.016952969249999998,15.196503,-2.1414645000000014,-14.637047249999995,,,,,,
-0.0626400495,-0.03790872225,0.0026358307499999996,15.074703,-2.034364499999999,-14.441747249999992,,,,,,
-0.0172233495,-0.02936172225,0.022892430749999998,15.219603,-2.135164500000002,-14.63494725000001,,,,,,
0.028835950500000002,0.03407927775,0.00498783075,15.255302999999998,-2.1246645000000015,-14.796647250000007,,,,,,
-0.1373370495,0.06228227775,-0.024630569249999998,15.559803000000002,-2.0889644999999994,-14.676947250000012,,,,,,
0.1593929505,-0.02841672225,0.013935930749999999,15.734103000000005,-1.8978645000000007,-14.676947250000012,,,,,,
0.07285195049999998,-0.15718872225,0.03064143075,15.725702999999996,-1.778164499999999,-14.73994725,,,,,,
-0.1994130495,0.01171637775,-0.03531956925,15.788702999999998,-1.8705645000000004,-14.832347249999998,,,,,,
0.08792995049999999,0.12005327775,-0.010917569249999998,15.973503000000001,-1.8201645000000006,-14.56354725,,,,,,
-0.0385110495,0.02381027775,0.056555430749999996,16.131003,-1.658464500000001,-14.521547249999998,,,,,,
-0.0410520495,-0.07480572225,-0.02790656925,16.191903000000003,-1.5408645000000014,-14.561447249999986,,,,,,
0.2104229505,0.016661877749999998,-0.01059626925,16.41240299999999,-1.8012644999999985,-14.63914724999998,,,,,,
-0.1335360495,0.10860827775000001,0.023711430749999998,16.397702999999993,-1.641664500000001,-14.553047249999992,,,,,,
-0.09852904950000001,-0.07535172224999999,-0.0007283692500000001,16.641303,-1.4337644999999988,-14.781947250000002,,,,,,
0.17348395049999998,-0.019460222250000003,0.01358523075,16.618202999999994,-1.6101644999999998,-14.897447249999999,,,,,,
-0.011918749499999999,0.05967827775,-0.014132669249999999,16.723202999999998,-1.5114645000000024,-14.727347250000008,,,,,,
-0.0627030495,-0.11751972225,-0.014197769249999999,17.080202999999997,-1.194364499999999,-14.676947250000012,,,,,,
-0.010982149499999998,0.037754277749999995,0.04256943075,17.06760299999999,-1.2069645000000016,-14.601347250000003,,,,,,
-0.013363549499999999,0.16959227775000002,-0.02559656925,17.309103,-1.4253645000000006,-14.550947250000007,,,,,,
0.1760669505,-0.08226072224999999,-0.023202569249999996,17.477103000000007,-1.2405644999999978,-14.609747249999998,,,,,,
-0.0715440495,-0.11063172224999998,-0.014808869249999999,17.512802999999998,-0.9675645000000017,-14.693747250000001,,,,,,
-0.12370804949999999,0.02313827775,-0.006833069249999999,17.596803,-1.1250645000000006,-14.626547250000016,,,,,,
0.12484795049999999,0.10039727775,-0.0067616692499999995,17.754303,-0.9591645000000035,-14.613947249999995,,,,,,
0.0278279505,0.01486637775,0.08931543075,17.848802999999997,-0.8625645000000013,-14.536247250000002,,,,,,
-0.015776449499999998,-0.13360572225,-0.07297256925000001,17.93490299999999,-0.9675645000000017,-14.48794724999999,,,,,,
-0.1225320495,-0.07908972225,0.00740493075,17.987402999999993,-1.0200645000000002,-14.660147249999994,,,,,,
0.0469799505,0.17068427775,0.12316743075,17.890803,-0.9801645000000008,-14.830247250000014,,,,,,
-0.15829504949999998,-0.0016648222500000001,-0.06104456925,18.165903,-0.8436644999999992,-14.649647250000015,,,,,,
0.0360179505,-0.10319772224999998,-0.020743469249999997,18.241503,-0.5433645000000027,-14.504747250000008,,,,,,
0.037256950500000004,-0.08499072224999998,0.01600233075,18.361202999999996,-0.11706450000000146,-14.483747249999993,,,,,,
0.0785009505,0.04831727775,0.013587330750000001,18.577502999999993,-0.20736450000000062,-14.912147250000004,,,,,,
0.20714695049999998,0.42703127775,0.01174143075,18.663603000000002,-0.36486450000000303,-14.811347250000011,,,,,,
-0.13175104949999997,0.012802077749999998,0.025685430750000002,18.697203000000002,-0.5202644999999997,-14.662247250000007,,,,,,
-0.12463204950000001,-0.45832872225,-0.04460156925,18.968103,-0.694564500000002,-14.496347250000014,,,,,,
-0.11482504949999998,-0.030936722250000003,-0.14132756924999998,19.155002999999994,-0.5055644999999984,-14.439647250000007,,,,,,
-0.033534049499999996,0.03836327775,0.17778843074999998,19.012203000000007,-0.2157644999999988,-14.75254725000002,,,,,,
0.1151039505,0.20359127775,-0.15909356924999998,19.316703000000004,0.2273354999999988,-14.565647249999984,,,,,,
0.0846749505,0.00690737775,0.07131843075,19.377602999999993,0.12443550000000059,-14.435447249999982,,,,,,
0.09527995049999999,-0.12877572225,0.14370543075,18.955502999999993,0.17903549999999768,-14.456447249999997,,,,,,
-0.14603104949999998,0.056570277749999995,-0.06072956925,19.255803,0.01733549999999795,-14.61604724999998,,,,,,
-0.14147404949999998,-0.00555192225,-0.006280769249999999,19.77240299999999,0.06353550000000041,-14.492147250000016,,,,,,
0.2150429505,0.10291727775,-0.09701756925,20.013903,0.11603549999999885,-14.603447249999988,,,,,,
-0.042858049499999995,0.054575277750000005,0.040784430749999996,19.860602999999998,0.382735499999999,-14.435447249999982,,,,,,
-0.1734570495,-0.32980872225,-0.01954646925,19.696803000000003,0.6200355000000002,-14.330447249999992,,,,,,
0.0430319505,0.06679727775000001,0.02373243075,19.776603,0.48773549999999943,-14.586647249999999,,,,,,
0.029927950499999998,0.16946627775,0.00864603075,20.022303000000008,0.830035500000001,-14.588747249999983,,,,,,
0.10248295049999999,-0.08631372225,0.013935930749999999,20.217602999999997,0.7607354999999991,-14.676947250000012,,,,,,
-0.0043566494999999995,0.02813627775,-0.021071069249999998,20.383502999999997,0.7271354999999993,-14.637047249999995,,,,,,
-0.0449580495,0.011313177749999999,-0.00287666925,20.42760299999999,0.6683354999999978,-14.378747250000004,,,,,,
0.11735095049999998,0.03334427775,0.01398843075,20.660702999999998,0.7523355000000009,-14.032247249999983,,,,,,
-0.0423960495,0.06858227775,-0.028116569249999997,20.595602999999997,1.025335499999997,-14.160347250000001,,,,,,
-0.1290840495,-0.20710572224999999,0.02394243075,20.646003,1.0505354999999987,-14.401847250000003,,,,,,
-0.0321270495,-0.04664472225,-0.01547876925,20.841302999999996,1.2752354999999973,-14.603447249999988,,,,,,
0.1837529505,0.13926827775,0.028373430749999998,20.835002999999993,1.4264354999999966,-14.679047249999996,,,,,,
0.09185695049999999,0.026708277750000002,0.03782343075,20.757303000000007,1.2731354999999986,-14.51734725,,,,,,
-0.27005704950000003,0.03290327775,-0.05363156925,20.874902999999996,1.4096354999999967,-14.38294725,,,,,,
-0.11627404949999999,-0.11835972225,0.034316430749999995,21.045002999999994,1.558735500000001,-14.326247249999994,,,,,,
0.2112629505,0.07847327775,-0.041031569250000004,21.219303000000004,1.7393354999999993,-14.242247249999991,,,,,,
0.059936950499999996,0.04327727775,0.013413030749999999,21.158403,1.6679354999999987,-14.374547250000006,,,,,,
-0.045336049499999996,-0.14505072224999999,-0.009109469249999998,21.286503000000003,1.7330354999999997,-14.143547249999983,,,,,,
-0.0882600495,-0.052545722249999996,0.01988943075,21.273902999999997,1.8821354999999969,-14.349347249999994,,,,,,
0.07007995049999999,0.20014727775,0.01516653075,21.50490299999999,1.8695354999999978,-14.48794724999999,,,,,,
0.0880349505,-0.02438472225,0.0013149307499999998,21.399902999999995,1.9157355000000003,-14.56354725,,,,,,
-0.06728104950000001,-0.16107372224999997,0.00232293075,21.343202999999995,2.0879355000000004,-14.521547249999998,,,,,,
-0.021519949499999996,0.03953927775,0.0006471307500000001,21.750602999999998,2.1215354999999967,-14.38294725,,,,,,
-0.0368940495,0.21010127775,0.01140753075,21.769503,2.2559354999999996,-13.883147249999979,,,,,,
-0.0037203494999999997,-0.04677072225,-0.04088456925,21.767402999999995,2.4113355,-14.137247250000001,,,,,,
0.07511995049999999,-0.13431972225,-0.02370656925,21.935402999999994,2.4806355000000018,-14.349347249999994,,,,,,
-0.03240004949999999,0.011241777749999998,0.07892043074999999,21.899703000000002,2.5856354999999986,-14.609747249999998,,,,,,
0.0315449505,0.16331327775,-0.0007934692500000001,22.181103,2.5289354999999993,-14.532047250000005,,,,,,
0.0714869505,-0.00220662225,-0.04109456925,22.321803000000003,2.6276354999999967,-14.116247249999986,,,,,,
-0.1357200495,-0.22543872225,-0.012011669249999999,22.294503000000006,2.759935500000001,-14.07214725,,,,,,
0.0274709505,-0.04133172225,0.01770333075,22.359603000000007,2.7473354999999984,-14.128847250000007,,,,,,
0.0132182505,0.21430127775,0.015727230749999998,22.439403000000006,2.8733354999999996,-14.139347249999986,,,,,,
0.0215909505,0.06452927775,-0.03506756925,22.571703,2.8040354999999977,-14.227547250000015,,,,,,
0.1668059505,-0.13610472224999998,0.036836430749999996,22.615803,3.0434354999999975,-14.334647250000017,,,,,,
-0.11747104950000001,-0.048765722250000004,0.02553843075,22.487702999999996,3.1274355000000007,-14.408147249999985,,,,,,
-0.1169040495,0.030614277749999995,-0.026499569249999997,22.626303,3.175735500000002,-14.214947249999994,,,,,,
0.0198878505,0.07670927775000001,-0.035487569249999996,22.743903000000003,3.0014354999999995,-14.091047250000003,,,,,,
0.0578999505,-0.047736722249999995,0.05361543074999999,22.81740299999999,3.2807355000000022,-14.076347249999998,,,,,,
0.0054314505,-0.08763672225,-0.08332556925000001,23.115602999999993,3.5033354999999986,-14.080547249999995,,,,,,
-0.1062150495,0.018110877749999997,0.0024048307499999993,22.966503000000003,3.509635499999998,-14.254847250000012,,,,,,
0.013533250500000002,0.05600327775,0.030704430749999994,23.010602999999996,3.6713355000000014,-14.28844724999999,,,,,,
0.08322595049999999,0.05409227775,0.03488343074999999,23.029503000000005,3.654535499999998,-14.26534724999999,,,,,,
-0.0044994495,-0.06760272225,-0.02163806925,23.035802999999994,3.539035499999997,-14.361947250000014,,,,,,
0.0105260505,-0.07033272225,0.01728753075,23.027402999999993,3.669235499999999,-14.269547249999988,,,,,,
-0.0049929495,0.04892627775,-0.00692546925,23.111403000000003,3.702835499999999,-14.385047250000014,,,,,,
-0.1107090495,0.10888127775,0.020960430749999998,23.289902999999995,3.749035499999998,-14.168747249999996,,,,,,
0.014894050500000002,-0.10042572224999999,-0.027675569249999997,23.271003,3.9737355,-14.204447250000015,,,,,,
0.06258295049999998,-0.06170172225,-0.04495856925,23.34240299999999,4.187935499999998,-14.286347250000006,,,,,,
0.022199950500000003,0.05184527775,0.03139743074999999,23.34030299999999,4.076635499999998,-14.305247250000008,,,,,,
0.0012020504999999998,-0.00916812225,-0.01322966925,23.357103000000002,4.3517355,-14.290547250000003,,,,,,
-0.0034788494999999997,0.07538627775000001,0.027386430750000003,23.403302999999994,4.2635355,-14.355647249999976,,,,,,
-0.0222150495,0.02215127775,-0.011591669249999999,23.363402999999998,4.156435499999997,-14.439647250000007,,,,,,
0.027764950499999996,0.03034127775,0.04651743074999999,23.449503,4.253035499999999,-14.252747249999999,,,,,,
0.05720695049999999,-0.01149282225,-0.037356569250000006,23.373903,4.433635500000001,-14.20654725,,,,,,
-0.0370830495,-0.22102872224999998,-0.01150556925,23.510402999999997,4.454635499999998,-14.067947249999975,,,,,,
-0.1726590495,0.057305277749999994,0.046244430749999996,23.518803,4.410535499999998,-14.074247250000013,,,,,,
0.0144992505,0.21577127775,-0.025344569249999997,23.512502999999995,4.507135499999997,-14.41234725000001,,,,,,
0.17348395049999998,-0.02224272225,0.0013359307499999995,23.693102999999994,4.809535499999999,-14.366147250000012,,,,,,
0.08120995049999999,-0.06795972225,-0.39173156925,23.338203,4.8137355,-14.20654725,,,,,,
-0.1000620495,-0.11493672224999998,0.98229843075,21.798903000000003,4.8620354999999975,-14.004947249999987,,,,,,
-0.0240840495,0.06303827775000001,-0.13320056925,24.174003,4.5302355,-14.082647250000008,,,,,,
0.1672679505,0.22396127775000002,-0.52907156925,26.238303000000002,5.078335499999998,-14.122547249999997,,,,,,
-0.0518460495,-0.04187772225,-0.12780356925,25.44240299999999,5.340835499999997,-14.053247249999998,,,,,,
-0.5231070495,-0.50578872225,-0.11180156925,23.34240299999999,5.093035499999999,-14.19394724999998,,,,,,
0.0419189505,-0.00394332225,0.38001843074999997,22.063502999999997,4.3685355,-14.378747250000004,,,,,,
0.6218129505,0.52909127775,0.15981243074999998,22.491903,4.6436354999999985,-14.609747249999998,,,,,,
-0.024630049499999997,0.08099327775,-0.03773456925,23.880002999999995,5.271535499999999,-14.395547249999993,,,,,,
-0.4046670495,-0.47806872224999997,-0.13534256925,24.434403000000003,6.054835499999999,-13.822247250000004,,,,,,
-0.15182704949999998,-0.02782872225,0.07272543075,23.581803,5.6369355,-13.794947250000007,,,,,,
0.2780429505,0.43795127775,-0.028662569249999995,23.426403,5.2442354999999985,-14.162447249999985,,,,,,
0.36330295049999994,0.023054277749999998,-0.04413956925,23.884203,5.006935500000001,-14.21284725000001,,,,,,
-0.2820270495,-0.22123872225,0.06457743075,23.846403000000002,5.3198355,-14.217047250000007,,,,,,
-0.16915204949999998,0.00827867775,-0.08746256925,23.323502999999995,5.590735500000001,-14.227547250000015,,,,,,
0.07499395049999999,-0.03354072225,0.10376343074999998,22.708202999999997,5.620135499999996,-14.147747250000009,,,,,,
-0.1287270495,-0.11495772225,-0.029670569249999997,23.287802999999997,5.729335500000001,-14.427047249999987,,,,,,
0.1358519505,0.029606277749999996,0.047567430749999993,23.336103,5.685235499999997,-14.28844724999999,,,,,,
0.06615295049999999,0.17834927775,0.026840430749999998,23.136603,5.846935500000001,-14.30734725000002,,,,,,
-0.0145836495,0.12601727775000002,-0.10573256924999999,23.109303000000004,6.0212354999999995,-14.08894724999999,,,,,,
0.0401129505,-0.22795872225,-0.12933656925,23.590202999999995,5.930935499999997,-14.114147250000002,,,,,,
-0.0909270495,-0.030411722250000002,0.06663543074999999,23.289902999999995,5.884735499999998,-14.141447249999999,,,,,,
0.0783329505,0.10010327775000001,0.10468743074999999,22.680903,6.2858354999999975,-14.07844725000001,,,,,,
0.025706950500000002,0.0018463777499999996,-0.01011746925,22.477203000000003,6.451735499999998,-14.105747250000007,,,,,,
-0.16675804949999998,0.047120277749999995,-0.05715956924999999,22.605302999999992,6.485335499999998,-14.22964725,,,,,,
0.041897950499999996,-0.09712872225,0.0035619307499999996,22.746003,6.2207355,-14.355647249999976,,,,,,
-0.039603049499999994,-0.055002722250000004,-0.05814656925,22.443602999999996,6.140935499999998,-14.086847250000005,,,,,,
0.09250795049999999,0.01904747775,0.03954543074999999,22.437303000000007,6.5042355,-14.11204724999999,,,,,,
0.1262549505,0.07509227775,0.01682343075,22.212602999999994,6.7541355,-14.076347249999998,,,,,,
-0.0502080495,-0.03326772225,0.014389530749999997,22.313403,7.071235499999997,-13.864247250000005,,,,,,
-0.0320640495,-0.07211772224999999,-0.06442556925,22.197902999999997,6.789835499999995,-13.792847249999994,,,,,,
-0.1498950495,0.11906627775,-0.00888686925,22.292402999999993,6.819235499999998,-14.219147249999992,,,,,,
0.07062595049999999,0.05489027775,0.03790743074999999,22.124403,6.9221354999999996,-14.75044724999998,,,,,,
0.0990389505,-0.22942872224999997,0.10193643075,21.939603000000005,6.959935499999997,-14.40604725,,,,,,
-0.0923340495,-0.01815612225,-0.09395156925,21.714902999999993,7.224535500000002,-14.03644724999998,,,,,,
0.0371519505,0.23341127775,0.0023481307499999995,21.761103,7.222435499999996,-13.729847250000006,,,,,,
0.0059984505,0.07973327775,0.0002145307499999997,21.981603,7.067035499999999,-13.677347249999997,,,,,,
-0.014270749499999999,-0.05252472225,-0.0023537692499999998,21.822003000000002,7.2161354999999965,-14.338847250000015,,,,,,
0.027722950500000003,-0.13791072224999998,-0.06461456925,21.649803000000006,7.615135499999997,-14.609747249999998,,,,,,
-0.0902550495,-0.12667572224999998,0.08790843074999999,21.248703,7.871335499999997,-14.345147249999997,,,,,,
-0.038049049499999994,0.01984127775,-0.01410536925,21.259203,7.8230355,-14.025947250000002,,,,,,
0.1744079505,0.22144127775,0.03143943075,21.257103,7.762135499999999,-13.736147250000016,,,,,,
-0.10760104949999999,0.08922527775,-0.010447169249999999,21.192003,7.5164354999999965,-13.536647249999987,,,,,,
-0.09334204950000001,-0.27814872225,0.015660030749999998,21.423002999999994,7.8944355,-13.979747250000003,,,,,,
0.14387395050000001,-0.0039559222500000005,-0.10970156925,21.278102999999994,8.287135500000002,-14.357747250000017,,,,,,
0.0283529505,0.22795127775,0.053111430749999994,20.673302999999997,8.415235499999998,-14.574047250000007,,,,,,
-0.0494730495,0.02702327775,0.07148643075,20.484303000000004,8.259835499999998,-14.259047250000009,,,,,,
-0.0681840495,-0.17932272224999998,-0.01195916925,20.662802999999997,8.448835499999998,-14.067947249999975,,,,,,
-0.0386790495,-0.07646472224999999,-0.06024656925000001,20.906402999999997,8.784835499999996,-13.958747249999988,,,,,,
0.0548129505,0.06513827775,-0.04128356925,20.601903,8.669335499999999,-13.868447250000003,,,,,,
0.07499395049999999,-0.028752722249999998,0.00578583075,20.261703000000004,8.789035499999997,-13.62694725,,,,,,
-0.0278850495,0.01695587775,0.06356943074999999,20.079003,9.152335499999996,-13.950347249999993,,,,,,
-0.0745890495,0.15665627775,0.01725603075,19.986603000000002,9.339235499999997,-14.313647250000002,,,,,,
-0.0213477495,-0.08005572224999999,-0.03395456925,20.135703,9.099835499999998,-14.338847250000015,,,,,,
0.1558019505,-0.04257072225,0.014981730749999998,20.020202999999995,9.335035499999996,-14.305247250000008,,,,,,
0.0045179504999999995,0.06247127774999999,0.006745530750000001,19.810202999999994,9.8180355,-13.86634724999999,,,,,,
-0.08315704950000001,-0.054351722250000005,-0.04674356925,19.644303,9.4253355,-13.677347249999997,,,,,,
-0.0400650495,0.0030370777500000005,0.06764343075,19.425902999999998,9.626935499999998,-13.836947250000009,,,,,,
-0.0392670495,-0.0026644222500000004,0.01334793075,19.379703000000006,9.918835499999997,-14.168747249999996,,,,,,
0.11642695049999999,0.013333377749999998,-0.03101456925,19.268403,10.1981355,-14.051147250000014,,,,,,
-0.0201318495,-0.03221772225,-0.00926486925,19.278903,10.221235499999995,-14.093147249999987,,,,,,
-0.1052910495,-0.05367972225,-0.00116096925,18.980703,10.3745355,-14.11204724999999,,,,,,
0.0809369505,0.07145927775000001,0.021296430749999998,18.751803000000002,10.4354355,-13.998647250000005,,,,,,
0.008911150500000001,0.10241327775,-0.03046856925,18.785402999999995,10.767235500000002,-13.93144724999999,,,,,,
-0.020572849499999997,-0.02862672225,-0.04775156925,18.829503000000003,10.960435499999999,-14.137247250000001,,,,,,
0.0717809505,-0.03064272225,0.033476430749999994,18.346503,11.113735499999997,-14.219147249999992,,,,,,
-0.0844800495,-0.08931672225,0.032741430749999995,18.132303000000007,11.141035500000001,-14.227547250000015,,,,,,
-0.030909049499999997,-0.01969542225,0.05208243075,18.153303,11.0759355,-13.99024725000001,,,,,,
0.0283529505,0.17454827775,-0.06161156925,18.180602999999998,11.323735499999998,-13.803347250000002,,,,,,
0.0483449505,-0.06518772225,-0.04539956925,18.151203000000002,11.390935500000001,-13.975547250000005,,,,,,
-0.0029580494999999997,-0.16640772225,-0.39446156925,17.609403,11.689135499999995,-13.948247250000009,,,,,,
-0.046953049499999996,0.12099827775,1.15995843075,16.095302999999994,11.855035499999996,-14.181347250000016,,,,,,
0.0336239505,0.10083827775000001,-0.17599856925,18.783302999999997,11.745835500000002,-14.149847250000022,,,,,,
0.1618499505,0.07391627775,-0.9625115692499999,19.715702999999998,12.3506355,-13.805447249999986,,,,,,
-0.0567180495,-0.14815872224999999,0.16420143075,17.937003000000004,12.602635499999995,-13.734047250000003,,,,,,
-0.4859370495,-0.36256872225000003,0.48249843075000004,15.967203000000005,12.287635499999997,-14.208647250000013,,,,,,
0.0405539505,0.09302627775000001,-0.06826856925,16.777803,11.8277355,-14.416547250000008,,,,,,
0.7774229505,0.62506127775,-0.13695956925,16.509003,12.2267355,-14.508947250000006,,,,,,
-0.024126049499999996,-0.01478142225,-0.04575656925,16.884902999999994,12.999535500000004,-14.198147249999977,,,,,,
-0.6493170494999999,-0.61141872225,0.22944843075000002,16.204503000000003,13.110835500000004,-14.028047249999986,,,,,,
-0.29630704950000003,-0.09813672224999999,0.01959543075,15.845402999999997,13.070935500000001,-13.692047250000002,,,,,,
0.49308295049999995,0.48436127774999993,-0.20961956925,16.368302999999997,12.938635499999993,-13.675247250000012,,,,,,
0.6896429505,0.27730127774999996,0.04334643074999999,16.164603000000007,12.991135499999995,-14.187647249999998,,,,,,
-0.4601070495,-0.32413872225,0.24603843075,15.803402999999996,13.266235499999997,-14.45224725,,,,,,
-0.5543970495,-0.35731872225,-0.21203456925,15.606003000000001,13.2179355,-14.305247250000008,,,,,,
0.34461295049999996,0.31468127775,0.02222043075,15.408603,13.358635499999995,-13.79074725000001,,,,,,
0.1541849505,0.20245727775,0.01949043075,15.309902999999998,13.448935500000001,-13.708847249999991,,,,,,
0.0056141505,-0.34324872225,0.15512943075,15.135602999999996,13.610635499999997,-14.09524725,,,,,,
-0.18887104949999997,-0.06331872224999999,-0.08851256925,15.358202999999996,13.892035500000002,-14.284247249999993,,,,,,
-0.0537570495,0.28507127774999996,-0.09204056925,15.036902999999995,13.719835499999999,-14.03644724999998,,,,,,
0.27237295049999993,0.12805427775,0.00753933075,14.961303000000001,13.532935499999997,-13.805447249999986,,,,,,
-0.1530660495,-0.26029872225,0.09496443075,14.503503000000002,13.814335500000002,-13.891547250000002,,,,,,
-0.12139804950000001,-0.14355972225,-0.02431556925,14.448903000000001,14.167135500000004,-14.263247250000006,,,,,,
0.07016395049999999,0.18918527775,-0.03357656925,14.396403,14.438035500000002,-14.023847250000017,,,,,,
0.0358499505,0.10915427775,-0.07295156925,14.732402999999998,14.211235499999997,-13.916747250000014,,,,,,
0.0505919505,-0.21745872224999999,0.06291843074999999,14.066703000000004,14.2637355,-13.826447250000001,,,,,,
-0.0891840495,0.07681427775,0.00516423075,13.569003000000002,14.2175355,-14.053247249999998,,,,,,
0.1657349505,0.08794427775000001,-0.00301946925,13.806303,14.599735499999998,-14.145647249999996,,,,,,
0.0021491505,-0.060336722249999995,-0.020117669249999998,13.564802999999998,14.860135499999995,-13.908347249999991,,,,,,
-0.21293704949999998,-0.07413372224999999,0.21873843074999996,13.398902999999997,14.937835499999995,-13.696247249999999,,,,,,
0.061805950500000005,-0.05592672224999999,0.04401843075,13.327503,14.534635500000004,-13.76134725,,,,,,
-0.1409910495,0.21808127775,-0.23612156925,13.401002999999996,14.524135499999996,-14.103647249999995,,,,,,
0.0367529505,0.009519777749999998,-0.21638156925,13.163702999999998,14.958835499999996,-14.427047249999987,,,,,,
0.39627295049999994,-0.16046472225,0.10189443074999999,12.768903000000002,15.338935499999995,-14.46484725000002,,,,,,
-0.26018704950000004,-0.01027482225,0.046076430749999994,11.704203,15.114235499999996,-14.227547250000015,,,,,,
-0.3758970495,-0.20322072224999999,0.15907743075,11.628602999999998,15.202435499999996,-13.973447249999992,,,,,,
0.4071929505,0.48835127775,0.03891543075,12.657603000000002,15.294835499999994,-13.492547250000001,,,,,,
0.4479329505,0.50116127775,-0.006662969249999999,12.710103000000004,15.523735499999997,-13.681547249999994,,,,,,
-0.29441704949999997,-0.69835872225,-0.16165556925,12.676503000000004,15.996235499999994,-14.03644724999998,,,,,,
-0.5701470495,-0.48121872225,0.00187353075,12.176703000000003,15.989935499999998,-14.271647250000001,,,,,,
0.1635299505,0.50410127775,0.01676883075,11.271602999999999,15.551035500000001,-14.08894724999999,,,,,,
0.6552029505,0.29053127775,0.01798473075,11.175002999999997,15.227635499999995,-13.874747249999984,,,,,,
-0.2251170495,-0.15282072224999999,0.00887283075,10.990203000000001,15.811435499999998,-13.771847250000008,,,,,,
-0.5810670494999999,-0.37222872225,0.05705943075,10.885203000000004,16.328035500000002,-13.98394725,,,,,,
0.26418295049999996,0.07068227775000001,0.054875430749999995,10.734003000000001,16.428835499999995,-14.130947249999991,,,,,,
0.40110295049999994,0.40393127775,-0.09157856925,10.797002999999997,16.475035499999994,-13.830647249999998,,,,,,
-0.0464910495,-0.07262172224999999,0.02392143075,10.971302999999999,16.147435499999997,-13.799147250000004,,,,,,
-0.2652270495,-0.18028872224999998,0.03641643074999999,10.761302999999998,16.191535499999997,-13.975547250000005,,,,,,
-0.21650704949999997,-0.057186722249999995,-0.11999156925000001,10.374902999999996,16.361635499999995,-13.893647250000015,,,,,,
0.0724319505,-0.01821282225,-0.13983656925,9.818402999999996,16.5422355,-13.723547249999996,,,,,,
0.3492329505,0.07194227775,0.12684243074999998,9.299703000000001,16.838335500000003,-13.727747250000021,,,,,,
-0.0649710495,0.00349067775,0.12600243075,8.676003000000001,17.239435500000003,-13.788647249999997,,,,,,
-0.4061370495,-0.12612972225,0.13694343074999998,8.783102999999997,17.3633355,-14.351447249999978,,,,,,
0.1684229505,0.13324127775,-0.00356336925,9.352202999999996,17.128135500000003,-14.219147249999992,,,,,,
0.3576329505,0.19571627775,-0.19890956925,9.583202999999997,17.138635499999996,-13.76134725,,,,,,
-0.21671704949999998,-0.20964672225,0.05590443075,8.917503000000004,17.8337355,-13.612247249999996,,,,,,
-0.22406704949999998,-0.14280372225,-0.00356546925,8.594103000000004,17.949235499999997,-13.683647250000007,,,,,,
0.1298459505,0.17001227775,-0.09159956925,8.629803000000003,17.552335499999995,-13.805447249999986,,,,,,
0.08820295049999999,0.11245127775000001,0.10204143075,9.150602999999997,17.548135499999997,-14.070047250000016,,,,,,
0.0959099505,-0.21598872224999996,0.054959430749999996,8.739003000000004,18.1802355,-14.200247250000018,,,,,,
-0.1138590495,-0.08990472224999999,-0.02151206925,8.621403,18.287335499999994,-14.128847250000007,,,,,,
0.0070358505,0.29977127774999995,-0.03458456925,8.585702999999995,18.1319355,-13.794947250000007,,,,,,
-0.0020487495,-0.013214822250000001,-0.08422856925,9.129602999999996,18.1781355,-13.419047250000006,,,,,,
-0.17532604949999997,-0.26050872225000005,-0.05035556925,9.037202999999998,18.2684355,-13.444247250000018,,,,,,
0.1616819505,0.21388127775000002,0.05915943075,8.377803,18.411235499999993,-13.826447250000001,,,,,,
0.2093729505,0.16814327775000001,0.10187343075,8.106902999999996,18.253735499999994,-14.151947250000006,,,,,,
-0.0936150495,-0.18938172225,0.01110933075,7.861203000000003,18.5645355,-13.969247249999995,,,,,,
-0.22784704949999998,-0.22732872224999998,-0.06125456925,8.058602999999998,19.2365355,-13.608047249999998,,,,,,
-0.1959270495,0.07444127775,-0.02082746925,8.058602999999998,18.906835499999996,-13.381247250000001,,,,,,
0.2223929505,0.04191227775,0.05117943074999999,7.8927030000000045,18.6653355,-13.358147250000002,,,,,,
0.26124295049999996,0.06564227775,0.07394343075,7.724702999999998,19.0790355,-14.04274725000002,,,,,,
0.0110153505,0.20363327774999998,-0.05839856925,7.586103000000001,19.186135499999995,-14.357747250000017,,,,,,
-0.13845004949999998,-0.30523872225,-0.02125166925,7.640702999999995,18.9677355,-14.208647250000013,,,,,,
-0.2242770495,-0.22480872224999998,-0.15212156924999998,7.859103000000005,19.597735499999995,-13.971347250000008,,,,,,
-0.09015004950000001,0.12582827775,0.02043543075,7.838102999999997,19.664935499999995,-13.62064724999999,,,,,,
0.1081109505,0.22375127774999998,0.058592430749999994,7.336202999999998,19.664935499999995,-13.851647249999985,,,,,,
0.0974639505,-0.09954372225,0.07509843074999999,6.998103,19.6586355,-14.107847249999992,,,,,,
0.08211295049999999,-0.15208572225,0.011350830749999999,7.080002999999998,20.042935499999995,-14.506847249999993,,,,,,
0.0632549505,0.35227127775,0.026420430749999998,7.283703000000003,20.032435499999995,-14.483747249999993,,,,,,
-0.17748904949999997,0.09957827775,-0.027423569249999998,7.1997029999999995,20.124835499999993,-14.196047249999992,,,,,,
-0.1949190495,-0.28759872225000005,-0.03830156925000001,6.697803,20.0555355,-14.051147250000014,,,,,,
0.30702295049999995,-0.0006022222500000001,0.01634253075,6.5991029999999995,20.1815355,-13.996547249999992,,,,,,
0.2366729505,0.06402527775000001,0.01146003075,6.874203000000001,19.9589355,-14.273747249999985,,,,,,
-0.1771530495,0.011443377749999999,-0.030825569249999997,6.611703000000006,19.979935499999993,-14.725247250000024,,,,,,
-0.2839170495,0.03651527775,0.01802883075,6.214802999999996,20.5469355,-14.618147249999993,,,,,,
0.1408289505,-0.10802772225,0.017245530749999998,6.105602999999995,20.599435500000002,-14.210747249999997,,,,,,
0.2797229505,-0.04996272225,-0.02145116925,6.5340029999999985,20.5385355,-14.10154725000001,,,,,,
0.0063932505,0.047309277749999996,-0.00183086925,6.489902999999998,20.4482355,-14.168747249999996,,,,,,
-0.3628770495,0.08737727775,0.012751530749999998,6.275703,20.551135499999997,-14.238047249999994,,,,,,
-0.020992849499999997,0.09388727775,0.07186443075,6.088802999999999,20.397835499999996,-14.208647250000013,,,,,,
0.35994295049999997,-0.03198672225,-0.07473656925,6.410102999999999,20.719135499999997,-14.410247249999998,,,,,,
-0.13765204949999998,0.03202127775,-0.10188956924999999,6.244202999999999,20.874535499999997,-14.63914724999998,,,,,,
-0.1918950495,-0.06844272224999999,0.07037343075,5.633102999999998,20.8031355,-14.679047249999996,,,,,,
0.1665119505,-0.27436872225,0.05743743074999999,5.633102999999998,20.7716355,-14.536247250000002,,,,,,
0.0380339505,0.07477727775,-0.01481936925,5.733902999999998,20.544835499999994,-14.261147249999993,,,,,,
-0.0386160495,0.13609727775,-0.007229969250000001,5.740203000000001,20.551135499999997,-14.231747250000012,,,,,,
-0.031035049500000002,0.04600727775,0.00130863075,5.624702999999997,20.9018355,-14.557247249999989,,,,,,
0.0214229505,-0.041730722250000005,0.00791733075,5.584803000000001,21.0278355,-14.618147249999993,,,,,,
0.1255409505,-0.13177872224999998,-0.01645316925,5.633102999999998,20.840935500000004,-14.601347250000003,,,,,,
-0.0496410495,0.15256127775,0.01146423075,5.565902999999999,20.7044355,-14.456447249999997,,,,,,
-0.1947720495,0.11461427775000001,0.40353843075,5.177402999999998,20.8346355,-14.483747249999993,,,,,,
-0.06486604950000001,-0.12258072225,-0.33860156925,5.857803000000004,20.8010355,-14.809247249999999,,,,,,
0.07169695049999998,-0.19374972225,-0.45011156925,5.433602999999998,20.813635499999993,-14.760947250000015,,,,,,
0.36876295049999996,0.07082927775,0.20674743075,4.2093029999999985,20.975335499999996,-15.099047250000012,,,,,,
0.023249950499999998,0.16459427775,0.28320843075,4.003503000000002,20.809435500000003,-15.49594725,,,,,,
-0.6467970494999999,-0.07932072224999999,-0.01239806925,4.570502999999995,20.429335499999997,-14.93944725,,,,,,
0.09061795049999999,0.03823727774999999,-0.16442756925,5.381102999999996,20.700235499999994,-14.099447249999997,,,,,,
0.49098295049999996,0.19619927774999998,-0.03903656925,4.984203000000001,21.617935499999998,-14.009147249999984,,,,,,
0.0463079505,0.01071677775,0.11783343075,4.190403000000003,21.428935499999998,-14.754647250000005,,,,,,
-0.3250770495,-0.27583872225,0.05363643074999999,4.461303000000001,20.828335499999998,-15.363647250000014,,,,,,
-0.26417704950000004,-0.11222772225,-0.06041456925,4.465502999999998,20.265535500000002,-15.199847250000005,,,,,,
0.5653229505,0.35899127775,-0.03011156925,4.480203000000003,20.2907355,-14.542547250000013,,,,,,
0.2503229505,0.05938427775,-0.035676569250000005,4.018203,20.586835499999996,-14.521547249999998,,,,,,
-0.6442770495,-0.40750872225,-0.01257446925,3.9216030000000046,20.912335499999994,-15.052847249999985,,,,,,
-0.0668610495,-0.0033070222499999996,0.07801743074999999,3.8817030000000017,20.985835500000004,-14.983547249999987,,,,,,
0.40908295049999993,0.34471127775,0.04114143075,3.9468029999999956,20.6603355,-14.51104724999999,,,,,,
0.1943999505,0.04613327775,-0.09143156925,4.093803000000001,20.152135500000004,-14.477447249999983,,,,,,
-0.27089704950000004,-0.09643572225,0.12747243074999998,3.793503000000001,20.0219355,-14.937347250000016,,,,,,
-0.3786270495,-0.19221672225,-0.09953756925,4.003503000000002,20.231935500000002,-15.084347250000008,,,,,,
0.0497519505,-0.10683072224999998,-0.16839656925,3.5898029999999963,20.242435499999996,-14.67484725,,,,,,
0.39018295049999996,0.22186127775,0.07148643075,2.9745029999999986,20.0681355,-14.324147249999982,,,,,,
0.08694295049999999,0.12408527775,0.19049343075,2.6469029999999947,20.0576355,-14.506847249999993,,,,,,
-0.3908070495,-0.04624572225,0.033455430749999994,2.9871029999999976,20.051335499999997,-15.254447249999998,,,,,,
0.1051709505,-0.17033472225,-0.032316569249999996,3.684303,20.049235499999998,-15.157847250000003,,,,,,
0.1995659505,0.05726327775,-0.15159656925,3.323102999999996,19.931635499999995,-14.672747250000015,,,,,,
-0.13049104949999998,0.08498327775,-0.01590926925,2.7939030000000002,20.040835500000004,-14.414447249999995,,,,,,
-0.2809770495,-0.17932272224999998,0.08591343074999999,2.7078029999999984,19.675435499999995,-14.51104724999999,,,,,,
0.0036569504999999997,-0.04343172225,-0.034227569250000006,3.1971029999999985,19.2554355,-14.981447250000002,,,,,,
0.32655295049999994,0.14399327775,0.0013149307499999998,3.3588030000000018,18.986635499999995,-15.006647249999986,,,,,,
0.2263829505,-0.014859122250000002,0.08637543075,3.350403,19.452835499999996,-14.918447250000014,,,,,,
-0.3229770495,-0.08572572225,0.032048430749999995,3.077402999999997,19.8329355,-15.086447249999992,,,,,,
-0.21272704949999996,0.19619927774999998,-0.07351856925,3.1110029999999966,19.629235499999997,-14.721047249999998,,,,,,
0.2303729505,0.021941277749999998,-0.11356556925,3.7515029999999996,18.6254355,-14.301047249999982,,,,,,
0.0126596505,-0.14190072225,0.02152743075,3.8565030000000036,18.562435499999996,-14.26534724999999,,,,,,
-0.0592590495,0.00355157775,0.14147943075,3.3063029999999998,18.6002355,-14.823947250000003,,,,,,
0.0174707505,0.10155227775,0.06634143074999999,2.7519029999999987,18.8102355,-15.241847250000006,,,,,,
0.0375929505,-0.07131972225,-0.051342569250000004,2.9220029999999966,18.530935500000002,-14.813447249999996,,,,,,
0.0496889505,-0.24244872225,-0.10335956925,3.270602999999994,18.9215355,-14.349347249999994,,,,,,
-0.22658704949999997,-0.03719472225,-0.03214856925,3.5772029999999972,18.5351355,-14.599247250000019,,,,,,
-0.16320904949999998,0.22102127775000002,0.01930143075,3.5499030000000005,17.963935499999995,-14.786147249999999,,,,,,
0.4823729505,0.14254427775,0.10531743075,3.0333029999999965,18.075235499999994,-14.994047249999994,,,,,,
0.2549429505,0.03187427775,0.09563643074999999,3.0732029999999995,18.150835500000003,-15.136847249999988,,,,,,
-0.3989970495,-0.19374972225,-0.06801656925,3.279003000000003,18.1760355,-14.826047249999988,,,,,,
-0.2732070495,-0.20448072224999997,-0.08569856925,3.780903000000002,17.9135355,-14.788247250000012,,,,,,
-0.0583980495,0.03693527775,-0.020075669249999997,3.814502999999995,17.6321355,-14.59294724999998,,,,,,
0.3248729505,0.22669127775,-0.00412826925,3.591902999999995,17.535535499999998,-14.618147249999993,,,,,,
0.12241195049999999,-0.047232722250000005,0.037361430749999994,3.043803000000004,17.3759355,-14.949947250000008,,,,,,
-0.3383070495,-0.16000272224999998,0.08188143075,2.613302999999995,17.3213355,-15.54844725000001,,,,,,
0.0324899505,0.16690427775,0.01834803075,3.134103000000003,17.2331355,-15.573647249999993,,,,,,
0.33915295049999994,0.19485527775,-0.09399356924999999,3.564602999999998,17.2310355,-15.157847250000003,,,,,,
-0.1729320495,-0.30712872225000004,-0.07797056925,3.390303000000003,17.275135499999994,-15.088547249999976,,,,,,
-0.1497270495,-0.01295652225,-0.00163976925,3.0144029999999944,17.3108355,-15.010847249999983,,,,,,
-0.0224460495,0.17469527775000002,0.09307443074999999,2.6742030000000057,17.0441355,-15.374147249999993,,,,,,
0.2433929505,0.06339527775,0.03492543074999999,2.9556029999999964,16.7900355,-15.285947249999992,,,,,,
0.06999595049999999,-0.06877872225,-0.01736666925,3.134103000000003,16.880335499999997,-15.344747249999983,,,,,,
-0.18840904949999998,-0.10433172225,-0.0024398692499999998,3.297903000000005,17.0966355,-15.38464725,,,,,,
-0.1157490495,0.09077927775000001,-0.02212106925,3.3546029999999973,16.651435499999995,-15.397247249999992,,,,,,
0.2160929505,0.009929277749999998,-0.06906656925,3.1173029999999997,16.592635499999997,-15.338447250000002,,,,,,
0.0385379505,-0.02810172225,0.027281430750000002,3.0669029999999964,16.168435499999998,-15.353147249999978,,,,,,
-0.17574604949999997,0.05455427774999999,0.04956243075,3.0606030000000004,16.3070355,-15.567347250000012,,,,,,
-0.1206630495,-0.04483872225,0.03139743074999999,3.0459029999999956,16.7333355,-15.897047249999986,,,,,,
0.1816739505,-0.00513822225,-0.04302656925,3.211802999999996,16.279735500000005,-15.661847249999994,,,,,,
0.15095095050000001,-0.02390172225,-0.039498569250000004,3.108902999999998,16.103335500000004,-15.426647250000002,,,,,,
-0.13845004949999998,-0.14313972225,-0.02906156925,3.207602999999999,16.025635499999996,-15.220847249999991,,,,,,
-0.17242804949999999,0.06692327775,0.0003741307499999999,3.4974029999999985,15.8429355,-15.340547249999986,,,,,,
0.11485195049999998,0.24580127775,0.028037430749999998,3.5037030000000016,15.632935499999999,-15.357347250000004,,,,,,
0.11753995049999999,0.02206727775,-0.02513456925,3.325203000000002,15.6539355,-15.527447249999994,,,,,,
0.0633599505,-0.28150872225,0.011980830750000001,3.0648029999999977,15.950035499999995,-15.897047249999986,,,,,,
-0.0474570495,-0.00668802225,0.06650943075,3.2349030000000027,15.815635500000003,-15.95794724999999,,,,,,
-0.0693180495,0.21115127774999998,0.014085030750000001,3.8355029999999957,15.460735500000002,-15.73534724999999,,,,,,
-0.1347540495,0.00750587775,-0.06144356925,3.447002999999995,15.404035499999996,-15.74164725,,,,,,
-0.014232949499999998,-0.15508872224999998,0.02629443075,2.9745029999999986,15.042835499999999,-15.76474725,,,,,,
-0.0221310495,-0.16932672224999998,-0.02079806925,3.3210029999999975,14.8076355,-15.697547250000014,,,,,,
0.06921895049999999,0.10123727775,0.01664073075,3.5877030000000047,14.956735499999997,-15.687047250000006,,,,,,
0.2839229505,0.24412127774999998,-0.01083986925,3.8229030000000037,15.584635500000001,-15.731147249999992,,,,,,
-0.0606030495,-0.05403672225,-0.017746769250000002,3.5310029999999983,15.488035499999999,-16.048247250000003,,,,,,
-0.2349870495,-0.16313172224999997,-0.00017396925000000025,3.4785029999999963,15.089035499999998,-16.058747249999982,,,,,,
4.915050000000004e-05,0.19598927775,0.00518733075,3.489003000000004,15.051235499999994,-16.35064724999998,,,,,,
0.0708779505,0.02683427775,-0.02681456925,3.4512029999999996,14.738335500000002,-16.388447250000013,,,,,,
0.1279559505,-0.26911872225,0.025139430749999997,3.440702999999999,14.610235499999998,-16.184747249999987,,,,,,
-0.2213370495,-0.06063072225,0.009307530750000001,3.606603,14.473735499999993,-16.083947249999994,,,,,,
-0.0080862495,0.17874827775,-0.01218596925,3.776703000000005,14.7740355,-15.783647250000001,,,,,,
0.25137295049999997,0.13040627775,-0.057600569250000004,3.7515029999999996,15.389335499999998,-15.649247250000002,,,,,,
-0.1290420495,0.04506227775,-0.00670076925,3.8103030000000047,15.0974355,-15.827747250000016,,,,,,
-0.10516504950000001,-0.09731772224999999,0.033644430749999996,3.814502999999995,14.589235499999997,-16.159547250000003,,,,,,
0.18081295049999999,-0.08559972225,0.07543443074999999,3.600303000000004,14.694235500000001,-16.24564724999999,,,,,,
0.0040790505,-0.00523482225,-0.03084656925,3.480602999999995,14.488435499999998,-16.436747249999996,,,,,,
0.00032215050000000006,0.09514727775000001,0.0005463307500000003,3.5772029999999972,14.433835499999997,-16.15744724999999,,,,,,
-0.0263100495,-0.06016872225000001,-0.007173269249999999,3.969903000000002,14.557735499999996,-16.287647249999992,,,,,,
-0.15035704949999998,-0.14584872224999998,-0.05554256925,4.272303000000001,14.6732355,-16.035647249999982,,,,,,
0.12329395049999999,0.06366827775,-0.019393169249999998,3.9867030000000057,14.456935499999997,-15.754247249999992,,,,,,
0.019255750500000002,0.13767227775000002,0.04496343075,3.6213029999999975,14.3414355,-16.25194725,,,,,,
-0.0873360495,0.05237027775,0.02226243075,3.7137030000000024,14.589235499999997,-16.480847249999982,,,,,,
0.0170801505,-0.06774972224999999,-0.00020966924999999987,3.9615030000000004,14.459035499999995,-16.434647250000012,,,,,,
0.1943579505,-0.10995972224999999,0.007224330749999999,4.192503000000002,14.1167355,-16.34434725,,,,,,
-0.0057132495,0.06704927775,-0.04390856925,4.186202999999999,14.009635499999998,-15.934847250000018,,,,,,
-0.18807304949999998,0.06228227775,-0.04239656925,4.030802999999999,14.249035499999994,-15.863447250000007,,,,,,
-0.11419504949999999,-0.28297872225000004,0.040574430749999994,4.068603000000003,14.297335499999999,-16.176347249999992,,,,,,
0.19654195049999998,0.11167427775,0.02503443075,3.963602999999999,14.024335500000003,-16.476647249999985,,,,,,
0.1367129505,0.19013027775000002,-0.00027266925,4.0392030000000005,13.921435499999998,-16.676147250000014,,,,,,
-0.1244430495,-0.12644472225,0.03055743075,4.123202999999997,13.913035499999996,-16.60894725,,,,,,
-0.16390204949999998,-0.008922422250000001,-0.035718569250000005,4.406703,13.9739355,-16.49764725,,,,,,
0.0226409505,0.05873327775,-0.04794056925,4.408802999999999,13.883635499999993,-16.256147249999998,,,,,,
0.08526295049999999,-0.016562222249999998,-0.02351756925,4.303803000000002,13.732435499999998,-16.277147250000013,,,,,,
0.045593950499999994,0.07887227775,0.01816533075,4.310102999999998,13.9739355,-16.39264725000001,,,,,,
-0.0673860495,-0.047127722250000004,0.08070543074999999,4.148403000000002,13.971835500000001,-16.43254725,,,,,,
0.0383489505,-0.16191372224999998,-0.015331769249999998,4.196702999999999,13.619035499999999,-16.443047250000006,,,,,,
0.11226895049999998,0.10711727774999999,-0.04416056925,4.448703000000002,13.560235500000001,-16.354847250000006,,,,,,
-0.0024918494999999997,0.03179027775,-0.05384156925,4.717503000000001,13.652635499999999,-16.266647250000005,,,,,,
-0.25934704950000004,-0.007880822249999999,0.01917543075,4.549502999999994,13.589635500000004,-16.31074724999999,,,,,,
-0.028536049499999997,0.10304327775,0.03794943074999999,4.343702999999998,13.421635499999997,-16.447247250000004,,,,,,
0.2948429505,-0.013586522250000002,0.023627430749999997,4.287002999999999,13.4069355,-16.493447250000003,,,,,,
0.1684229505,-0.05269272225,-0.0033995692499999997,4.723803000000004,13.507735499999999,-16.42624724999999,,,,,,
-0.30596704950000003,-0.06470472224999999,-0.00183716925,4.620902999999998,13.358635499999995,-16.365347249999985,,,,,,
-0.2561970495,-0.06205872225,-0.01586516925,4.767903000000004,13.186435499999998,-16.161647249999987,,,,,,
0.23142295050000003,0.16835327775,-0.00382586925,4.824602999999996,13.1822355,-16.071347250000002,,,,,,
0.1968989505,-0.01903602225,-0.01075376925,4.728002999999994,13.056235499999996,-16.300247250000012,,,,,,
-0.1124310495,-0.16695372225,0.01018113075,4.490702999999996,12.797935499999998,-16.640447249999994,,,,,,
-0.0707040495,0.13805027775,0.017421930750000002,4.532702999999998,12.902935500000002,-16.705547249999995,,,,,,
0.0383699505,0.08832227775,0.019364430749999998,4.725902999999995,13.241035499999999,-16.367447249999998,,,,,,
0.055169950499999995,-0.10554972224999999,-0.06558056925,4.982102999999995,13.1822355,-16.279247249999997,,,,,,
-0.0887430495,-0.10244172224999999,-0.02261666925,4.679702999999996,13.0394355,-16.419947250000007,,,,,,
-0.1643010495,-0.023292722249999998,0.04918443075,4.480203000000003,12.690835500000002,-16.401047249999976,,,,,,
0.1762349505,0.07284527775,0.057920430749999995,4.505403000000001,12.686635499999998,-16.48714725000002,,,,,,
0.09441895049999999,0.05541527774999999,-0.02633156925,4.778402999999997,12.8168355,-16.375847249999993,,,,,,
-0.13015504949999998,-0.02179332225,-0.03681056925,5.1039030000000025,12.644635500000003,-16.377947249999977,,,,,,
0.008321050500000001,0.05167727774999999,0.01991043075,4.9275030000000015,12.608935499999998,-16.46194725000001,,,,,,
0.10571695049999998,-0.09234072224999998,-0.01253456925,4.9863029999999995,12.5270355,-16.306547249999994,,,,,,
-0.1288320495,-0.08849772225,-0.006066569250000001,5.116503000000002,12.434635500000002,-16.26874724999999,,,,,,
0.0461609505,0.12332927775,0.02310243075,5.206802999999994,12.390535500000002,-16.537547250000017,,,,,,
0.0365429505,0.08168627775000001,0.06573243075,4.837202999999995,12.5942355,-16.659347249999996,,,,,,
-0.21482704949999998,-0.07291572225,0.01469403075,4.917003000000001,12.676135499999997,-16.791647249999983,,,,,,
0.1619759505,0.03748127775,-0.06828956925,5.080802999999996,12.600535499999996,-16.621547249999992,,,,,,
0.1665749505,-0.08265972225,-0.044013569249999995,5.559602999999996,12.302335499999995,-16.323347249999983,,,,,,
-0.12782404949999998,0.05331527775,-0.00583556925,5.706603000000001,11.876035500000004,-16.277147250000013,,,,,,
-0.11379604950000001,0.00930137775,0.0033372307499999992,5.689802999999998,11.913835499999994,-16.382147250000003,,,,,,
0.044165950499999995,-0.12810372225,-0.008851169249999999,5.691902999999996,12.069235500000001,-16.319147249999986,,,,,,
0.1801619505,0.06322727775,0.02560143075,5.442003,12.098635499999997,-16.512347250000005,,,,,,
-0.0425430495,0.14487527775,0.050843430749999995,5.509202999999999,12.258235500000001,-16.63204725,,,,,,
-0.19103404949999997,-0.04051272225,0.031838430749999994,5.509202999999999,12.306535499999999,-16.718147249999987,,,,,,
0.029507950499999998,-0.12293772224999998,-0.029775569249999995,5.6520030000000006,11.997835499999997,-16.529147249999994,,,,,,
0.25242295049999997,-0.03927372225,0.02572743075,5.626802999999995,11.777335499999996,-16.35694725000002,,,,,,
-0.1944990495,0.014253177749999998,-0.012725669249999998,5.853603,11.5316355,-16.359047250000003,,,,,,
-0.1269840495,0.15634127775,-0.09552656925,6.458402999999997,11.735335500000001,-16.642547250000007,,,,,,
0.10819495049999998,0.020681277749999998,0.00156903075,6.384903000000001,11.962135499999999,-16.827347250000003,,,,,,
0.0843389505,-0.18169572225,0.03801243074999999,6.130803,11.897035499999998,-16.49134724999999,,,,,,
0.0168554505,-0.15473172224999998,0.0012603307499999996,5.780103000000004,11.594635500000003,-16.369547249999982,,,,,,
-0.1030650495,0.04195427775,0.03406443075,5.878802999999998,11.9159355,-16.52074725,,,,,,
-0.1946040495,0.22858127775,0.01447773075,6.284103000000002,11.666035500000003,-16.793747249999996,,,,,,
0.05817295050000001,-0.05823672225,0.00093063075,6.538202999999996,11.594635500000003,-16.846247250000005,,,,,,
0.20282095049999999,-0.05955972225,0.01367763075,6.313502999999997,11.7479355,-16.892447250000004,,,,,,
0.0375299505,0.07788527775000001,-0.007631069249999999,6.441603000000001,11.519035499999998,-16.806347250000016,,,,,,
0.025958950499999998,0.006846477750000001,-0.02633156925,6.5928030000000035,11.873935499999998,-16.63834724999998,,,,,,
-0.0855930495,-0.00975612225,-0.013021769249999999,6.720903,11.945335499999995,-16.69084724999999,,,,,,
-0.034290049499999996,0.12851627775000002,-0.021127769249999998,6.662102999999995,11.8592355,-16.869347250000004,,,,,,
0.0263579505,-0.12352572224999998,0.0059160307500000005,6.786003000000001,11.3972355,-17.110847249999978,,,,,,
-0.16932004949999999,-0.15515172224999998,-0.03846956925,7.008603000000001,11.500135499999999,-16.993247249999996,,,,,,
0.0477779505,-0.01954842225,-0.07473656925,7.216503000000003,11.519035499999998,-16.839947249999994,,,,,,
0.1829969505,0.11188427775,0.02142243075,6.872102999999996,11.487535499999996,-16.974347249999994,,,,,,
-0.0569070495,0.09680627775,0.059621430749999996,6.9645030000000006,11.924335500000002,-17.010047250000014,,,,,,
-0.1282860495,0.027653277749999997,0.03486243075,6.941403000000001,12.020935500000004,-16.94284725,,,,,,
0.1320719505,-0.12682272225,0.05529543074999999,7.117803000000002,11.951635499999998,-17.05414725,,,,,,
0.1998179505,0.09101027775000001,0.025244430749999998,7.214402999999997,11.7038355,-17.068847250000005,,,,,,
-0.1963680495,0.08800727775,-0.03353456925,7.529402999999995,11.886535499999997,-17.016347249999995,,,,,,
-0.18813604949999999,-0.17529072225,-0.07120856924999999,7.569302999999998,11.500135499999999,-17.081447249999997,,,,,,
0.10955995049999998,0.058229277749999996,-0.014867669249999998,7.445402999999999,11.382535499999996,-16.892447250000004,,,,,,
0.0646619505,0.0011302777499999997,-0.035025569250000006,7.707903000000002,11.651335499999998,-16.787447249999985,,,,,,
-0.08519404950000001,-0.15210672225,-0.00272336925,7.714203000000005,12.035635500000001,-17.094047250000017,,,,,,
0.0185690505,0.04184927775,0.017121630750000002,7.894802999999996,11.920135499999997,-17.31244724999999,,,,,,
0.09674995049999999,0.14684927775,0.026042430749999998,7.838102999999997,11.7500355,-17.381747250000018,,,,,,
-0.009972049499999998,0.08485727775,0.051599430749999994,7.6113029999999995,11.666035500000003,-17.154947249999992,,,,,,
-0.055458049499999995,-0.042234722249999995,-0.06786956925000001,8.069102999999998,11.789935499999995,-16.993247249999996,,,,,,
-0.0216165495,-0.09599472225,-0.046533569250000004,8.304302999999997,11.729035499999998,-17.123447249999998,,,,,,
0.017042350499999998,-0.01735812225,0.05739543075,8.369402999999998,11.5106355,-16.875647249999986,,,,,,
0.0659639505,-0.02327172225,-0.00207446925,8.214002999999998,11.523235500000002,-16.961747250000002,,,,,,
0.0373829505,0.021290277749999996,0.01596663075,8.251802999999995,11.4980355,-16.98904725,,,,,,
-0.05054404949999999,0.04947227775,-0.00929006925,8.287503000000001,11.8382355,-17.108747249999993,,,,,,
-0.06610504950000001,-0.055506722249999994,0.01075863075,8.327402999999997,11.6219355,-17.146547249999998,,,,,,
-0.0712290495,-0.04416672225,-0.057600569250000004,8.568902999999999,11.697535499999997,-16.87774725,,,,,,
0.18217795050000002,0.17417027775,-0.05025056925,8.650802999999996,11.674435499999998,-16.947047249999997,,,,,,
-0.07500904950000001,0.05159327774999999,0.06235143074999999,8.606703000000003,11.424535500000001,-16.89034724999999,,,,,,
-0.2505270495,-0.28150872225,0.040742430749999996,8.415602999999997,11.481235499999997,-17.08984725000002,,,,,,
0.44982295049999993,0.014521977749999998,0.02723943075,8.671802999999997,11.882335499999993,-16.97644724999998,,,,,,
-0.0771300495,0.28045127774999995,-0.01225106925,8.894402999999997,12.067135500000003,-16.93234725000002,,,,,,
-0.11671504949999999,0.11849927774999999,-0.02492456925,9.135902999999999,11.666035500000003,-17.01424725000001,,,,,,
0.1391909505,-0.06275172225,0.01060323075,9.215702999999998,11.632435499999996,-16.974347249999994,,,,,,
-0.1423770495,-0.27520872225,-0.06035156925000001,9.230403000000003,11.5106355,-16.91974725,,,,,,
0.0250139505,-0.12539472225,-0.04560956925,9.318602999999996,11.2817355,-16.89664725,,,,,,
0.06308695049999999,0.30082127774999995,-0.00499556925,9.480303,11.067535499999998,-16.68454725000001,,,,,,
-0.0892680495,0.06188327775,0.06359043075,9.480303,11.168335500000001,-16.80214725000002,,,,,,
0.0052151505,-0.21019272224999996,-0.010375769249999998,9.558003,11.554735500000003,-16.812647249999998,,,,,,
0.0321959505,-0.07369272224999998,0.01955343075,9.570602999999998,11.741635499999997,-16.65094725,,,,,,
-0.039834049499999996,0.22564127775,0.03803343075,9.618903000000003,11.6429355,-16.79584724999998,,,,,,
0.0817979505,0.06560027775,0.04983543074999999,9.740702999999996,11.4644355,-16.554347250000006,,,,,,
0.0173867505,-0.14994372225,0.0033456307499999997,9.849902999999998,11.0045355,-16.716047250000003,,,,,,
-0.0360120495,0.01644977775,-0.08666456925,10.017903000000004,10.899535499999999,-16.62574724999999,,,,,,
-0.07513504950000001,-0.08784672225,0.024257430750000003,10.316102999999998,10.952035500000001,-16.57324725000001,,,,,,
-0.07616404950000001,-0.13343772225,-0.06690356924999999,10.272002999999998,10.989835499999995,-16.87774725,,,,,,
0.030053950500000003,0.09848627775,0.02644143075,10.295102999999997,11.010835500000002,-16.83154725,,,,,,
0.008600350500000001,0.12908327775,0.02786943075,10.230003000000004,10.968835499999997,-16.74334725,,,,,,
-0.0007173494999999999,-0.02698872225,0.014148030749999999,10.339203000000005,11.147335499999997,-16.776947250000006,,,,,,
-0.052140049499999994,-0.07096272224999998,0.06915543075,10.532403000000002,11.1767355,-16.875647249999986,,,,,,
0.18633595049999999,-0.00483162225,-0.02270066925,10.811703000000001,10.876435499999996,-16.636247249999997,,,,,,
0.05170495049999999,0.20216327774999998,-0.07631156925,10.939802999999998,10.7021355,-16.67824725,,,,,,
-0.1706010495,-0.01405062225,0.01226853075,10.918802999999997,10.5257355,-16.558547250000004,,,,,,
-0.08208604950000001,-0.22354872224999997,0.02072943075,11.036403,10.576135499999996,-16.49764725,,,,,,
0.0177332505,-0.13736472225,-0.01730156925,11.282103,10.6580355,-16.915547250000003,,,,,,
0.2948429505,0.19374227775,0.013629330749999998,11.088903000000002,10.609735500000003,-16.87984725000001,,,,,,
-0.1074750495,0.21010127775,-0.00029366924999999974,11.208602999999997,10.527835499999998,-16.814747249999982,,,,,,
-0.35342704950000003,-0.14097672224999996,-0.047625569250000006,11.196002999999997,10.4081355,-16.753847250000007,,,,,,
0.1281239505,-0.25882872225000003,-0.018744269249999997,11.397603000000004,10.3367355,-16.84834724999999,,,,,,
0.3030329505,0.18418727775000002,-0.03996056925,11.641202999999997,9.998635499999995,-16.730747250000007,,,,,,
0.019860550499999997,0.24055127775000001,0.02595843075,11.765103000000003,10.032235500000002,-16.774847250000022,,,,,,
-0.1667160495,-0.11688972225,0.010970730750000001,11.823903000000001,10.128835499999997,-16.659347249999996,,,,,,
-0.1923570495,-0.13341672225,0.031964430749999995,11.792403,10.076335499999995,-16.85464725,,,,,,
0.3336929505,0.08166527775,0.02018343075,11.987703000000003,9.637435499999995,-16.806347250000016,,,,,,
0.0710039505,-0.06073572225,-0.03859556925,12.042302999999997,9.7844355,-16.66144724999998,,,,,,
-0.35930704950000003,-0.11195472224999999,-0.026205569249999998,12.317402999999999,9.595435499999997,-16.797947249999993,,,,,,
0.11075695049999999,0.15527027775,0.03715143074999999,12.403503,9.6122355,-16.94284725,,,,,,
0.0068783505,0.12530327775,-0.03202256925,12.548403,9.526135499999995,-16.76014724999999,,,,,,
0.0536369505,-0.14675172225,0.02912943075,12.565203000000004,9.381235499999995,-16.797947249999993,,,,,,
0.0889169505,-0.20326272225,0.00956163075,12.418202999999998,9.185935500000003,-16.512347250000005,,,,,,
-0.1830120495,0.13622327775,0.03786543075,12.678603000000003,9.1229355,-16.636247249999997,,,,,,
0.0159881505,0.22942127775,-0.04871756925,12.972603,9.0578355,-16.653047249999986,,,,,,
0.08685895049999999,-0.03553572225,0.01022523075,13.247703000000001,8.889835499999997,-16.571147249999996,,,,,,
0.007021150500000001,-0.18331272224999998,-0.038889569250000006,13.100702999999996,8.8457355,-16.770647249999996,,,,,,
-0.061065049499999996,-0.11163972224999999,0.07537143075,12.995702999999999,8.732335499999994,-17.06674724999999,,,,,,
-0.18828304949999997,0.09978827775,-0.04084256925,13.239303,8.711335499999997,-17.012147249999998,,,,,,
0.2121029505,0.14609327775,-0.00468056925,13.338002999999993,8.4131355,-16.850447249999974,,,,,,
0.1286489505,-0.059874722250000005,0.031166430749999998,13.367402999999996,8.371135499999998,-16.642547250000007,,,,,,
-0.2093250495,-0.15594972224999998,0.01183383075,13.529103,8.291335499999999,-16.74334725,,,,,,
-0.0497880495,0.08101427775,-0.04691156925,13.787402999999998,8.287135500000002,-16.865147250000007,,,,,,
0.0930119505,0.04119827775,-0.04443356925,13.852502999999999,8.236735499999998,-16.72024725,,,,,,
0.12719995050000002,-0.02375472225,0.059432430749999994,13.816802999999993,7.951135499999996,-16.734947250000005,,,,,,
-0.06822604950000001,0.02956427775,-0.00865586925,13.932302999999997,7.7222355,-16.783247249999988,,,,,,
-0.1816260495,0.016220877749999998,-0.02916656925,14.016303,7.8230355,-16.76224725,,,,,,
0.1448189505,-0.02654772225,-0.009462269249999999,14.207403,7.818835499999999,-16.70344725000001,,,,,,
0.1792589505,0.020471277749999996,0.01686543075,14.434203000000004,7.512235500000003,-16.875647249999986,,,,,,
-0.20220604949999998,0.0003175777499999997,-0.0018707692499999999,14.322903000000004,7.424035499999999,-16.781147250000004,,,,,,
-0.0692550495,-0.047883722249999996,0.05298543074999999,14.388002999999998,7.3505354999999994,-16.659347249999996,,,,,,
0.036458950500000004,0.00311687775,-0.0013604692499999999,14.619003,7.3169355,-16.657247249999983,,,,,,
0.0811469505,0.11308127775000001,0.03635343074999999,14.730303,7.1720355,-16.787447249999985,,,,,,
0.0423179505,-0.01982352225,-0.06784856924999999,14.908802999999999,7.115335499999997,-16.627847250000002,,,,,,
-0.0454200495,-0.06581772224999999,0.014469330749999999,14.967602999999997,7.048135500000001,-16.663547249999993,,,,,,
-0.0041823495,0.05333627775,-0.01172606925,15.032702999999998,6.6827355,-16.449347249999988,,,,,,
0.0052277504999999995,0.009152277749999998,0.02679843075,15.215403000000002,6.5042355,-16.590047249999998,,,,,,
0.0350099505,-0.02915172225,-0.00421856925,15.225902999999995,6.674335499999998,-16.50814724999998,,,,,,
0.0608609505,0.024251277749999998,0.01319043075,15.297303,6.7100354999999965,-16.747547249999997,,,,,,
-0.0495150495,-0.037635722249999996,-0.010018769249999998,15.177602999999998,6.617635499999999,-16.688747249999977,,,,,,
-0.17895904949999997,-0.11663772225,-0.02364356925,14.934003000000004,6.101035499999998,-16.61524725000001,,,,,,
0.06409495049999998,0.056654277749999996,0.045992430749999993,15.083102999999994,5.8931355,-16.46824724999999,,,,,,
-0.1736250495,-0.08087472224999999,0.00623943075,15.543002999999999,6.067435499999998,-16.256147249999998,,,,,,
0.0795089505,-0.09903972224999999,-0.01881986925,15.879003000000004,6.258535499999997,-16.405247250000002,,,,,,
0.2585129505,0.15006227775,-0.005300069249999999,15.727803000000002,6.3257355,-16.44514724999999,,,,,,
0.0827429505,0.22816127775,-0.00813506925,15.524103000000004,6.023335499999998,-16.640447249999994,,,,,,
-0.049158049499999995,0.07257227775000001,0.05050743075,15.545102999999997,5.756635499999998,-16.600547250000005,,,,,,
-0.2519970495,-0.18774372224999997,-0.022832969249999998,15.780302999999996,5.456335500000002,-16.62574724999999,,,,,,
-0.16730404949999997,-0.22081872225,0.00812523075,16.208703,5.466835499999998,-16.493447250000003,,,,,,
0.0582989505,0.19825727775,-0.14069756925,16.084803000000008,5.4143355,-16.31494724999999,,,,,,
0.2511629505,0.06329027775,0.12068943074999998,15.776102999999999,5.065735499999999,-16.46194725000001,,,,,,
0.0095936505,-0.15114072224999997,-0.050481569250000004,16.233902999999998,4.994335499999998,-16.449347249999988,,,,,,
-0.17940004949999996,-0.09582672224999998,0.03143943075,16.464902999999993,5.072035499999998,-16.359047250000003,,,,,,
0.0096272505,0.12057827775,0.03927243075,16.353603,5.151835500000001,-16.396847250000008,,,,,,
0.1675199505,0.15121727775000002,0.010441530749999999,16.475402999999993,4.927135499999999,-16.587947249999985,,,,,,
0.08320495049999999,-0.02005872225,-0.03101456925,16.853403,4.645735500000001,-16.522847250000012,,,,,,
0.0234809505,-0.06237372224999999,-0.06495056925,17.061303000000002,4.528135500000001,-16.197347250000007,,,,,,
-0.3299070495,-0.14990172225,-0.01188776925,16.897502999999993,4.6415355,-15.953747249999992,,,,,,
-0.1345230495,0.00026927774999999966,0.060440430749999996,16.557303000000005,4.505035500000002,-16.346447249999983,,,,,,
0.37107295049999994,0.30187127775,0.041330430749999994,16.643403,4.087135499999999,-16.747547249999997,,,,,,
0.0414149505,-0.07959372224999998,-0.015417869249999999,17.246102999999998,3.9044355000000017,-16.35694725000002,,,,,,
-0.24989704949999997,-0.29536872225,0.011678430750000001,17.359503000000004,4.0955355,-16.08604724999998,,,,,,
-0.0534210495,0.01692437775,-0.015176369249999998,17.575803,4.259335499999999,-16.302347249999997,,,,,,
0.11373895049999998,0.14993627775,-0.06159056925,17.758502999999997,4.143835500000002,-16.23304725,,,,,,
0.2362529505,0.20371727775,0.038411430749999996,17.546402999999998,3.9800354999999996,-16.130147249999993,,,,,,
0.0041483505,-0.00318312225,0.00328683075,17.433003,3.8582354999999993,-16.214147249999996,,,,,,
-0.3509070495,-0.29263872225,0.04592943074999999,17.424603000000005,3.572635499999997,-16.11754725,,,,,,
-0.0205833495,-0.11810772224999998,0.02793243075,17.895002999999996,3.4214354999999976,-16.436747249999996,,,,,,
0.28959295049999995,0.13303127775,-0.05117456925,17.918102999999995,3.3395354999999967,-16.53964725,,,,,,
-0.00039394949999999995,0.13143527775,0.01775583075,17.752203,3.3458354999999997,-16.15744724999999,,,,,,
-0.2354070495,-0.08108472224999999,-0.03771356925,17.842502999999994,3.5810354999999987,-15.955847249999977,,,,,,
0.0036086505000000003,-0.06136572225,0.024782430749999997,18.065102999999993,3.6314354999999985,-16.08604724999998,,,,,,
0.1740719505,0.11039327775,0.02585343075,18.189003,3.2450355,-16.109147250000007,,,,,,
0.1302449505,0.15737027775,0.04101543074999999,18.281402999999997,2.7515354999999992,-16.29184724999999,,,,,,
-0.11171704950000001,-0.08408772224999998,-0.030447569249999997,18.373803000000002,2.7725355,-16.100747250000012,,,,,,
-0.2288970495,-0.22186872224999998,-0.061275569249999995,18.373803000000002,2.6654354999999974,-15.92854724999998,,,,,,
0.0496049505,0.16574927774999998,0.00987663075,18.573302999999996,2.4764354999999973,-16.08184724999998,,,,,,
0.1885409505,-0.07209672225,-0.05963756925,18.646803000000006,2.7305354999999984,-15.983147250000002,,,,,,
-0.0077292495,-0.14721372224999998,0.03152343075,18.682502999999997,2.9489354999999975,-15.943247250000013,,,,,,
-0.0215829495,0.27394127775,0.04884843074999999,18.802203000000006,2.5835355,-16.329647249999994,,,,,,
-0.1263120495,0.053630277750000004,0.06071343074999999,18.709803000000008,2.4890355,-16.270847250000003,,,,,,
0.07801795049999999,-0.10993872225,-0.047982569249999996,19.218002999999996,2.3000355,-16.302347249999997,,,,,,
0.22050295050000002,-0.19752972224999998,-0.03452156925,19.24740299999999,2.1614354999999996,-16.07554725,,,,,,
-0.1561530495,0.16558127775,0.01913343075,19.192802999999998,1.8863355000000013,-15.802547250000003,,,,,,
-0.2335170495,0.23005127775,0.025202430749999997,19.392303000000005,2.192935500000001,-15.745847249999997,,,,,,
0.07058395049999999,-0.19612272225,-0.02679356925,19.438502999999997,2.1908354999999986,-15.913847250000003,,,,,,
0.1263809505,-0.24412872224999999,0.00973803075,19.400703,1.9913355000000017,-16.195247250000023,,,,,,
0.1284389505,0.09676427775,0.008631330750000001,19.367103000000007,1.6658354999999965,-16.45774725000001,,,,,,
-0.1581690495,0.13763027775,0.0028794307499999997,19.665302999999994,1.5125354999999985,-16.34014725,,,,,,
-0.12393904950000001,0.17614427775000002,-0.04245956925,19.967702999999993,1.3487355,-15.84664724999999,,,,,,
0.26817295049999995,-0.09635172224999998,0.033539430749999995,19.98240299999999,1.4453354999999988,-15.682847250000009,,,,,,
-0.0559410495,-0.25777872225,0.00018933075000000018,19.913103,1.6049354999999998,-15.899147249999999,,,,,,
-0.0985500495,0.10386227775,0.03240543074999999,19.995002999999997,1.4453354999999988,-16.12174725,,,,,,
0.0492059505,0.24454127774999998,-0.04315256925,20.173502999999997,1.1849354999999981,-16.09444725,,,,,,
-0.0533160495,-0.11665872225,0.035261430749999996,20.230202999999996,1.077835499999999,-15.99364725000001,,,,,,
-0.0044700495,-0.22816872224999998,-0.03739856925,20.362502999999997,1.0211354999999998,-15.743747249999984,,,,,,
-0.014396749499999998,-0.01872942225,-0.030195569249999995,20.494803000000005,0.8048354999999994,-15.80044724999999,,,,,,
-0.0094995495,0.30103127775,0.01465203075,20.534703000000007,0.7523355000000009,-15.960047250000002,,,,,,
0.1380359505,0.03416327775,0.06344343075,20.496903000000003,0.8678354999999982,-15.88234725000001,,,,,,
-0.0631650495,-0.23530872225,0.00873423075,20.704803000000005,0.6389354999999988,-15.934847250000018,,,,,,
-0.0535260495,0.010013277749999999,-0.01341446925,20.688002999999995,0.5801354999999973,-15.907547250000022,,,,,,
0.18633595049999999,0.07158527775,-0.004411769249999999,20.843402999999995,0.38903549999999854,-15.731147249999992,,,,,,
-0.19248304949999998,0.07729727775,-0.02555456925,20.986202999999996,0.2777354999999986,-15.74164725,,,,,,
-0.1313520495,-0.061071722249999995,0.03246843075,21.038702999999998,0.08873549999999852,-15.84664724999999,,,,,,
0.1673309505,-0.11493672224999998,-0.05027156925,21.101703,0.1412355000000005,-15.840347250000008,,,,,,
0.0018320505000000002,0.14105327775,0.004517430749999999,21.103803,0.2798355000000008,-15.901247249999983,,,,,,
0.14981695050000002,-0.04819872225,0.02455143075,21.328502999999998,0.2672354999999982,-15.766847249999984,,,,,,
-0.1132080495,-0.08387772224999998,-0.021190769249999998,21.160503,0.06563549999999907,-15.573647249999993,,,,,,
-0.2105430495,0.07013627775,0.07545543074999998,21.194103,-0.049864500000001755,-15.340547249999986,,,,,,
0.2616629505,0.11329127775000002,-0.046512569250000003,21.347402999999993,-0.19476450000000156,-15.766847249999984,,,,,,
0.0136613505,0.036158277749999995,0.0071697307500000005,21.22770299999999,-0.18846450000000203,-15.999947249999991,,,,,,
-0.2650170495,-0.23572872225,0.0006639307500000001,21.070202999999992,-0.31236450000000104,-16.159547250000003,,,,,,
0.11264695049999998,-0.040008722249999996,0.01600023075,21.072303000000005,-0.3669645000000017,-15.878147249999984,,,,,,
0.15128695050000002,0.16957127775,-0.00561716925,21.458703,-0.3165645000000019,-15.540047250000015,,,,,,
-0.1122210495,-0.03217572225,0.00866283075,21.683403,-0.33756449999999916,-15.592547249999996,,,,,,
-0.015604249499999997,-0.05197872225,-0.10558556925,21.313803,-0.299764500000002,-15.456047249999983,,,,,,
-0.0117171495,-0.03326772225,-0.35435156925,20.742602999999995,-0.39426449999999846,-15.768947249999997,,,,,,
0.0919829505,0.11637827775,1.1360184307499999,19.77240299999999,-0.6903645000000012,-15.752147250000007,,,,,,
0.023543950499999997,0.15100727775,-0.6155915692499999,23.107203000000005,-0.6231645000000015,-15.920147249999985,,,,,,
-0.1059000495,-0.05317572225,-0.15394856925,23.821202999999997,-0.3270645000000023,-15.779447250000004,,,,,,
0.06984895049999999,-0.25063872225,-0.34784156925,22.993803,-0.3753644999999999,-15.300647249999997,,,,,,
-0.2183970495,-0.38986872225,0.02366943075,21.030302999999996,-1.2573645000000013,-15.281747249999995,,,,,,
0.1059689505,0.26680127774999995,0.28047843075,20.488503,-1.5450644999999987,-15.527447249999994,,,,,,
0.32718295049999996,0.73657127775,0.28404843075,21.156303,-1.2489644999999996,-16.237247249999996,,,,,,
-0.24485704949999998,-0.34303872225,-0.22898156925,22.244103000000003,-0.7386644999999987,-16.069247250000018,,,,,,
-0.2297370495,-0.5326687222500001,-0.14426756925,22.956002999999995,-0.3669645000000017,-15.399347250000005,,,,,,
0.22806295050000003,0.27541127774999996,0.06119643075,21.744303000000002,-0.7050644999999989,-15.225047250000017,,,,,,
0.32991295049999997,0.39784127774999994,-0.005365169249999999,21.666603000000002,-1.2594645,-15.361547250000001,,,,,,
-0.1627050495,-0.046434722250000005,0.01120173075,22.013102999999994,-1.5408645000000014,-15.636647249999982,,,,,,
-0.3947970495,-0.30523872225,-0.05568956925000001,22.313403,-1.4484645,-15.418247250000007,,,,,,
0.45717295049999995,0.16089827775,0.03885243074999999,21.796803000000004,-1.5156644999999997,-15.487547250000006,,,,,,
0.048764950499999994,0.06001427775,0.044753430749999996,21.450302999999998,-1.6521645000000014,-15.449747250000001,,,,,,
-0.5115570494999999,-0.53497872225,-0.05230856925,22.470903,-1.423264500000002,-15.617747250000008,,,,,,
0.008976250500000001,0.00034907774999999976,0.031250430749999995,22.365902999999996,-1.2069645000000016,-15.256547250000011,,,,,,
0.25074295049999995,0.45349127775,0.04655943075,21.933302999999995,-1.2909645000000012,-15.10324725000001,,,,,,
0.2618729504999999,0.17914727775,-0.01708946925,21.664503000000003,-1.2846645000000017,-15.237647250000009,,,,,,
-0.1299030495,-0.17944872224999997,-0.09729056925,22.153802999999996,-1.7109645000000029,-15.37834724999999,,,,,,
-0.17622904949999998,-0.19532472224999997,0.10787943074999999,22.254603000000003,-1.9398645000000023,-15.399347250000005,,,,,,
-0.0212826495,0.19118027775000002,0.02224143075,21.681303,-2.1603645,-15.485447249999993,,,,,,
-0.13683304949999997,-0.12562572225,-0.10287656925,21.960603,-1.9545645,-15.397247249999992,,,,,,
0.007598650499999999,-0.27940872225,-0.05424056925,22.355402999999995,-1.9020645000000016,-15.193547249999995,,,,,,
0.17268595050000002,0.14546327775,0.05579943075,22.479303,-1.7634645000000013,-15.304847249999995,,,,,,
0.0155009505,0.28927127774999994,-0.00157886925,21.908102999999997,-1.5513645000000018,-15.222947249999976,,,,,,
-0.0181557495,-0.09124872224999998,0.13795143075,21.595202999999998,-1.5408645000000014,-15.311147250000005,,,,,,
0.0126344505,-0.06147072225,0.018492930749999997,21.729603000000004,-1.8642645000000009,-15.426647250000002,,,,,,
-0.022194049499999997,-0.09614172224999999,-0.08021756925,22.065602999999996,-2.0154645000000038,-15.170447249999995,,,,,,
0.06331795049999998,0.13643327775,-0.09951656925,22.191603,-2.6286644999999993,-14.912147250000004,,,,,,
0.0181679505,0.21766127775,0.02967543075,21.927003000000006,-2.4186644999999984,-15.262847249999993,,,,,,
-0.0706410495,-0.26008872225,-0.00609386925,21.876603000000003,-1.6689645000000013,-15.409847250000013,,,,,,
-0.1392270495,-0.14614272225,0.09047043074999998,21.733803,-1.5450644999999987,-15.33214725000002,,,,,,
0.1730429505,0.05333627775,-0.029754569249999998,21.729603000000004,-1.8180644999999984,-15.342647249999999,,,,,,
0.2555729505,0.21430127775,0.030116430749999996,22.099203000000003,-2.3094645000000007,-15.252347250000014,,,,,,
-0.11612704950000001,0.14069627775,-0.014059169249999998,22.235702999999994,-2.5110645000000034,-14.983547249999987,,,,,,
-0.0412620495,-0.15130872224999997,-0.03170756925,22.286102999999997,-2.319964500000001,-14.941547250000013,,,,,,
-0.15069304949999998,-0.15349272225,-0.06060356925,21.880803,-2.2443644999999997,-15.05074725,,,,,,
-0.14502304949999997,0.057305277749999994,0.03542943075,22.137003,-2.0574644999999983,-15.019247250000006,,,,,,
0.2887529505,-0.08694372224999998,0.030053430750000002,22.040402999999998,-2.0322645,-15.036047249999996,,,,,,
0.0339809505,0.18716927775,0.050108430749999995,21.920702999999996,-2.1372645000000006,-14.863847249999992,,,,,,
-0.2112570495,0.06602027775000001,-0.00225086925,21.803102999999993,-2.4606645,-14.899547249999983,,,,,,
0.0509909505,-0.26953872225000003,0.01348233075,21.948002999999993,-2.5866645000000013,-15.101147249999997,,,,,,
0.07532995049999999,0.07259327775,-0.06415256924999999,22.389003000000002,-2.3598645000000005,-15.025547249999988,,,,,,
-0.1051860495,0.06635627775000001,0.03074643075,22.105503,-2.3556644999999996,-15.012947249999996,,,,,,
-0.0160956495,-0.00159762225,0.07165443075,21.620402999999996,-2.714764500000001,-15.09694725,,,,,,
0.0787319505,-0.03253272225,-0.04722656925,21.843002999999996,-2.479564500000002,-14.96884725000001,,,,,,
-0.036474049499999994,-0.04777872225,-0.02681456925,22.170603,-2.4291645000000024,-14.907947249999978,,,,,,
-0.0855510495,-0.03385572225,-0.03706256925,21.939603000000005,-2.101564500000002,-14.769347249999981,,,,,,
0.1619549505,-0.04580472225,0.032006430749999995,21.633002999999995,-2.479564500000002,-14.75254725000002,,,,,,
-0.1160220495,-0.01645302225,0.04326243075,21.637203000000007,-2.294764500000003,-15.143147249999998,,,,,,
-0.06335404950000001,0.28066127775,0.031838430749999994,21.845102999999995,-2.584564499999999,-15.422447250000005,,,,,,
0.0493109505,0.0056557777499999995,-0.04512656925,21.998402999999996,-2.7084645000000016,-15.43714725000001,,,,,,
-0.059364049499999995,-0.28528872225,0.03066243075,21.626703,-2.542564500000001,-14.922647250000011,,,,,,
0.28728295049999997,0.05136227775,0.01036173075,21.717003000000005,-2.1414645000000014,-14.607647249999985,,,,,,
-0.0439500495,-0.03698472225,-0.06024656925000001,21.721203000000003,-1.990264500000002,-14.597147250000006,,,,,,
-0.0549960495,0.26239127774999993,0.04483743074999999,21.633002999999995,-2.6391645000000032,-15.113747249999989,,,,,,
0.07287295049999999,0.26491127774999995,0.05808843074999999,21.588903000000002,-2.7252645000000015,-15.395147250000008,,,,,,
-0.06434104950000001,-0.19744572224999998,-0.13551056925,21.794703000000005,-2.5152645000000007,-15.61984725000002,,,,,,
-0.024924049499999996,-0.34828872225,-0.018899669249999997,21.908102999999997,-2.4123645000000025,-15.088547249999976,,,,,,
0.0255179505,-0.033897722250000005,-0.06665156925,21.714902999999993,-2.6139645000000016,-14.500547250000011,,,,,,
-0.0747570495,0.12559727775,0.037403430749999994,21.696002999999997,-2.697964500000001,-14.351447249999978,,,,,,
0.0335819505,0.22837127775,0.06722343075,21.507003000000005,-2.017564499999999,-14.544647249999997,,,,,,
0.09506995049999999,0.007178277749999999,-0.021163469249999997,21.765302999999996,-2.1456644999999988,-14.87434725,,,,,,
-0.028935049499999997,0.00151037775,0.031145430749999998,21.292802999999992,-2.3514645000000023,-15.017147249999994,,,,,,
0.13940095049999998,-0.09143772224999999,0.01768863075,21.238203,-2.634964499999999,-14.861747250000008,,,,,,
-0.0361380495,-0.15384972225,0.05046543074999999,21.183602999999998,-2.4123645000000025,-14.34094725,,,,,,
-0.1026450495,0.18637127775,-0.062262569250000004,21.572103000000006,-2.7588645000000014,-14.030147249999999,,,,,,
-0.0958830495,-0.17356872224999997,-0.04859156925,21.509103000000003,-2.729464499999999,-14.185547250000013,,,,,,
-0.1643010495,-0.19578672225,-0.18876656925,21.068102999999994,-2.2905644999999986,-14.618147249999993,,,,,,
0.1757729505,0.25525127775,0.24519843075,20.202902999999992,-2.311564500000003,-15.027647250000001,,,,,,
0.0214439505,0.15371627775000002,0.9778884307500001,20.63760299999999,-2.5614644999999996,-14.83444725000001,,,,,,
-0.013621849499999998,-0.03704772225,-1.0771715692500001,23.636403,-2.1792644999999986,-14.525747249999995,,,,,,
0.1678769505,-0.08385672224999999,-0.37661156925,22.25250299999999,-1.9041645000000003,-14.01964725000002,,,,,,
-0.1316880495,-0.31300872225000004,0.60681843075,20.660702999999998,-2.406064500000003,-14.009147249999984,,,,,,
-0.2664870495,-0.08656572224999999,0.04532043075,20.144103,-3.1662645000000005,-14.334647250000017,,,,,,
0.4109729505,0.64585127775,-0.21211856925,21.202502999999993,-2.6832645,-14.56354725,,,,,,
0.014690350500000001,0.05837627774999999,0.037466430749999995,21.173102999999998,-2.0217644999999997,-14.500547250000011,,,,,,
-0.49832704950000006,-0.71683872225,-0.08206556925,20.658603,-1.8915645000000012,-14.63914724999998,,,,,,
0.1306859505,-0.06688872224999999,0.27102843075,20.786703000000003,-1.9041645000000003,-14.483747249999993,,,,,,
0.2295329505,0.54673127775,-0.32012156924999996,20.801403,-2.1456644999999988,-14.408147249999985,,,,,,
0.2425529505,0.33862127775,0.01632993075,21.402003,-2.303164500000001,-14.410247249999998,,,,,,
-0.0328410495,-0.26113872225,0.19624743074999998,20.318402999999996,-2.2569644999999987,-14.504747250000008,,,,,,
-0.3853470495,-0.35059872225,-0.06986456925,20.629203000000004,-2.340964500000002,-14.109947250000005,,,,,,
0.1765709505,0.25714127774999995,-0.13639256925,21.070202999999992,-2.0259645000000006,-13.836947250000009,,,,,,
0.10676695049999999,0.10531127775,0.025748430750000002,20.629203000000004,-2.496364500000002,-14.166647249999983,,,,,,
-0.2225970495,-0.45853872225,0.10655643075,20.597702999999996,-2.2821645000000004,-14.39974724999999,,,,,,
0.10764895049999998,0.12257327774999999,-0.01555226925,20.555702999999994,-2.0721644999999995,-14.160347250000001,,,,,,
0.07295695049999999,0.35395127774999996,-0.06215756925,20.874902999999996,-1.7592645000000005,-13.992347249999995,,,,,,
0.0710039505,0.01374707775,-0.09922256925,20.664902999999995,-1.9146645000000007,-13.706747250000006,,,,,,
-0.058650049499999996,-0.14169072224999998,0.14553243075,20.293203,-2.4942645,-13.799147250000004,,,,,,
-0.11795404949999999,-0.054456722250000006,0.06623643074999999,20.769902999999992,-2.3283644999999993,-13.769747249999995,,,,,,
0.0424649505,0.016042377749999996,-0.09743756925,20.595602999999997,-1.8999644999999994,-14.059547250000008,,,,,,
0.054455950499999996,-0.07957272224999999,0.00215073075,20.803503,-2.0049645,-13.66684724999999,,,,,,
-0.13767304949999998,-0.024090722250000002,-0.00816026925,20.490602999999993,-2.0637645000000013,-13.42744725,,,,,,
-0.014396749499999998,0.17297327775000002,0.00646413075,20.274303000000003,-2.0910645000000017,-13.53874725,,,,,,
0.1717199505,0.015238077749999999,0.02618943075,20.370903,-1.7928645000000003,-13.624847250000016,,,,,,
-0.19867804949999998,-0.25399872225000003,0.03818043075,20.236503,-1.847464500000001,-13.734047250000003,,,,,,
-0.0530010495,-0.06598572224999999,-0.01947296925,20.423403,-1.8600645,-13.788647249999997,,,,,,
0.14656195049999998,0.12454727775000002,0.07201143075,20.026502999999998,-1.8432645,-13.492547250000001,,,,,,
0.053762950500000004,0.23929127775,0.13990443074999998,20.442303000000003,-2.183464500000003,-13.433747249999982,,,,,,
-0.13118404949999998,-0.06653172225,-0.11276756924999999,20.202902999999992,-1.9713645,-13.752947249999977,,,,,,
-0.0122253495,-0.42430872225000005,-0.22247156925,20.490602999999993,-1.3980645000000003,-14.049047250000001,,,,,,
0.2188229505,0.23761127775,-0.020344469249999997,19.885802999999996,-1.5513645000000018,-13.755047250000018,,,,,,
-0.0487170495,0.08431127775,0.04559343075,19.507802999999996,-1.9104645000000033,-13.505147249999993,,,,,,
-0.4139070495,-0.31027872225,0.21138843075,19.413303,-2.0826645,-13.328747249999992,,,,,,
0.29148295049999995,0.39784127774999994,0.06648843075,19.934103,-1.8705645000000004,-13.572347250000007,,,,,,
0.2820329505,0.30439127774999997,-0.15201656925,20.484303000000004,-1.1313645,-13.893647250000015,,,,,,
-0.3324270495,-0.36697872225,-0.01033586925,20.268002999999993,-0.8793645000000012,-13.933547250000004,,,,,,
0.06812695049999999,-0.08627172224999999,-0.03177056925,20.289003,-1.4148645000000037,-13.763447250000013,,,,,,
0.20212795050000001,0.19313327775,-0.06293456925,19.845903,-1.8642645000000009,-13.356047249999989,,,,,,
-0.034143049499999995,0.11698727775,0.13408743075,19.289403,-1.5450644999999987,-13.263647249999991,,,,,,
-0.1098480495,-0.26281872225,-0.07347656925,19.222203000000007,-1.1376644999999996,-13.297247249999998,,,,,,
-0.1200330495,-0.19190172225,0.036689430749999995,19.218002999999996,-1.2552645000000027,-13.918847249999999,,,,,,
0.27006295049999995,0.27331127774999997,0.05928543075,19.512003,-0.929764500000001,-13.79074725000001,,,,,,
-0.1264800495,0.16585427775,-0.037314569250000006,19.717802999999996,-1.2006644999999985,-13.32244725000001,,,,,,
-0.1773420495,-0.07705272225,0.01762143075,19.707303000000003,-1.406464500000002,-12.936047250000001,,,,,,
0.3517529505,-0.07787172225,-0.009871769249999999,19.738802999999997,-1.4778645000000026,-13.074647249999998,,,,,,
-0.09386704950000001,0.14561027775,-0.07721456925,19.32510299999999,-0.7281644999999983,-13.141847249999984,,,,,,
-0.28664704950000003,-0.32665872225000003,-0.08424956924999999,19.115102999999998,-0.7911645000000007,-13.066247250000004,,,,,,
0.2001959505,-0.012849422249999999,0.05754243074999999,18.537602999999997,-1.452664500000001,-13.047347250000001,,,,,,
-0.1048500495,0.14993627775,0.06333843075,18.144902999999992,-1.1145645000000002,-13.500947249999996,,,,,,
-0.2832870495,-0.06646872224999999,0.12906843075,18.480902999999998,-1.1376644999999996,-13.62694725,,,,,,
0.19192195050000002,0.11259827774999999,0.01375743075,19.281003,-0.5853645000000007,-12.889847250000003,,,,,,
0.26943295049999993,-0.09213072224999999,-0.12633356924999997,19.058403,-0.33336450000000184,-12.604247250000014,,,,,,
-0.019682449499999997,-0.13110672225,0.011938830749999999,18.690903,-0.20946449999999928,-12.516047249999986,,,,,,
-0.20924104949999997,-0.04336872225,-0.00179516925,18.583803000000003,-0.36486450000000303,-12.978047250000003,,,,,,
0.0976739505,0.27121127775,-0.02675156925,18.802203000000006,-1.0347645000000014,-13.526147250000008,,,,,,
0.22029295049999997,0.26239127774999993,0.09525843075,19.071002999999997,-0.7386644999999987,-13.572347250000007,,,,,,
-0.0918720495,-0.24895872224999996,-0.02685656925,19.018502999999995,-0.3270645000000023,-13.324547249999995,,,,,,
-0.3185670495,-0.31888872225,-0.11570756924999999,18.894603000000004,-0.2745645000000003,-12.92344725000001,,,,,,
0.037067950499999995,0.13595027775000001,0.044732430749999996,18.674103000000002,-0.3459645000000009,-12.377447249999989,,,,,,
0.29148295049999995,0.08057327775,-0.03702056925,19.442702999999995,-0.6546645000000026,-12.20944725000001,,,,,,
-0.1946880495,0.07769627775,-0.05039756925,19.564503000000002,-0.16116449999999816,-12.562247249999984,,,,,,
0.2192429505,0.16230527775,0.16514643075,18.789603000000007,0.17273549999999815,-13.173347249999978,,,,,,
0.0724739505,-0.08847672224999999,0.00963933075,18.726603000000004,-0.24516450000000134,-13.305647249999993,,,,,,
-0.2587170495,-0.31405872225000003,-0.05715956924999999,18.667802999999992,-0.3417645,-12.837347250000022,,,,,,
0.11739295049999998,0.17767727775,-0.025050569249999998,18.919803,-0.08556450000000027,-12.518147249999998,,,,,,
-0.0949590495,0.10163627775,0.02474043075,18.972303000000004,-0.18846450000000203,-12.236747250000008,,,,,,
-0.0565920495,-0.20196072225,0.060440430749999996,18.999603,-0.16536450000000258,-12.051947250000012,,,,,,
0.23772295049999997,0.07754927775,0.014964930750000001,18.87990299999999,0.05933549999999954,-12.908747250000005,,,,,,
-0.06728104950000001,0.15764327775,-0.05442956925,19.079403000000006,0.37853549999999814,-13.230047250000013,,,,,,
-0.17851804949999997,-0.29494872225,-0.056235569250000006,18.751803000000002,0.11393549999999664,-12.950747250000006,,,,,,
-0.10825204949999999,0.027590277749999996,0.07753443075,18.909303,0.39113550000000075,-12.684047249999992,,,,,,
-0.021776149499999998,0.21724127775000002,-0.14527556925,19.287303,0.5591355,-12.669347249999987,,,,,,
0.25137295049999997,0.02813627775,0.11919843074999999,19.054203,0.3092354999999998,-12.547547250000008,,,,,,
0.1295939505,-0.16336272224999998,-0.07540856925,19.152902999999995,0.47933550000000125,-12.511847249999988,,,,,,
-0.34670704950000003,-0.050172722249999996,0.07476243075,18.753903,0.5255355000000002,-12.53704725,,,,,,
-0.07074604949999999,0.055688277749999994,0.047735430749999995,18.800102999999993,0.7103354999999993,-12.562247249999984,,,,,,
0.15725095050000001,-0.014002322250000001,-0.02271116925,19.094103000000004,0.588535499999999,-12.68824724999999,,,,,,
0.18780595049999999,-0.05943372225,0.00832053075,19.03740299999999,0.5402354999999979,-12.629447249999998,,,,,,
0.09103795049999999,0.16369127775,0.024824430749999998,18.667802999999992,0.8972354999999972,-12.549647250000021,,,,,,
-0.3836670495,-0.04261272225,-0.02219246925,18.831603,0.7838355000000021,-12.587447249999997,,,,,,
-0.027591049500000003,-0.14305572225,-0.04632356925,18.907203000000003,0.8447354999999988,-12.76594725000001,,,,,,
0.2100029505,0.19376327775000002,0.013671330750000002,18.642602999999994,1.0358354999999975,-12.591647249999994,,,,,,
0.0020189504999999996,0.034478277749999994,-0.006763769250000001,18.392702999999997,1.0442354999999992,-12.404747249999986,,,,,,
0.16932595050000002,-0.22795872225,-0.0025343692499999997,18.640502999999995,1.1051354999999994,-12.497147250000012,,,,,,
-0.1784550495,0.09945227775000001,0.053930430749999994,18.821103,1.1282354999999988,-12.627347250000014,,,,,,
-0.1762920495,0.06578927775,-0.01119686925,18.722402999999993,0.9938354999999994,-12.679847249999995,,,,,,
0.0415619505,-0.033750722250000004,0.05302743075,18.499803000000007,1.3151354999999967,-12.46564724999999,,,,,,
0.1679189505,0.09810827775,-0.06297656924999999,18.970202999999998,1.4327354999999997,-12.585347250000012,,,,,,
0.0335189505,0.02135327775,-0.033093569249999996,19.108803,1.2668354999999991,-12.526547249999993,,,,,,
-0.022866049499999996,0.00512867775,0.038936430749999994,18.945002999999993,1.2920354999999972,-12.415247250000021,,,,,,
0.0328259505,-0.27814872225,-0.05594156925,18.508202999999995,1.5125354999999985,-12.547547250000008,,,,,,
-0.1339980495,-0.08377272225,-0.00830936925,18.392702999999997,1.2122354999999985,-12.520247250000011,,,,,,
-0.17097904949999998,0.31342127774999995,0.12411243075,18.751803000000002,1.420135499999997,-12.736547250000001,,,,,,
0.24108295049999998,0.07087127775,-0.06999056925000001,19.005902999999996,1.865335499999997,-12.56014725,,,,,,
0.041099950499999996,-0.10223172224999999,-0.01145936925,18.913503,1.9493355,-12.444647250000003,,,,,,
-0.15012604949999997,-0.0012343222500000002,0.00439143075,18.873602999999996,1.5482355000000005,-12.450947250000013,,,,,,
0.08555695049999999,0.016029777749999998,-0.09424556925000001,18.936602999999998,1.4600355,-12.26194725000002,,,,,,
-0.1111080495,0.20688827775000002,0.34473843075,18.260402999999997,1.6826354999999964,-12.280847249999994,,,,,,
0.16947295050000002,-0.20994072225,-0.01829486925,19.32510299999999,2.014435500000001,-12.50134725000001,,,,,,
-0.0669870495,-0.34513872225,-0.36779156925,19.003802999999998,2.0186354999999985,-12.459347250000008,,,,,,
-0.2551470495,0.18857627775,0.08398143074999999,18.476703,2.0354354999999984,-12.631547250000011,,,,,,
0.3511229505,0.40645127774999995,0.04712643075,18.310803,1.707835499999998,-12.610547249999996,,,,,,
-0.07177504950000001,-0.27604872225,-0.056634569249999996,18.34230300000001,1.5797354999999982,-12.562247249999984,,,,,,
-0.2351970495,-0.34807872224999997,0.10057143075,18.153303,2.0354354999999984,-12.144347249999981,,,,,,
0.21777295049999998,0.20451527775,0.02591643075,18.485102999999995,2.6402354999999993,-12.098147249999982,,,,,,
0.20021695050000002,0.50053127775,-0.015310769249999998,18.695102999999996,2.743135500000001,-12.488747249999989,,,,,,
-0.0053919495,-0.00641712225,-0.02251166925,18.87990299999999,2.4911354999999986,-12.786947249999997,,,,,,
-0.3173070495,-0.6093187222499999,-0.07101956925,18.768603,2.1047355000000003,-12.524447250000009,,,,,,
-0.0486750495,-0.02358672225,0.044732430749999996,18.396903000000002,2.0081355000000016,-12.075047250000011,,,,,,
0.5044229505000001,0.41653127775,-0.053127569250000006,18.600603,2.180335499999998,-11.902847250000008,,,,,,
-0.1855950495,0.00305807775,-0.05839856925,18.006303000000003,2.6360354999999984,-12.64204724999999,,,,,,
-0.3122670495,-0.30838872225,0.18297543075,17.769002999999998,2.596135499999999,-12.686147250000005,,,,,,
0.2459129505,-0.00407982225,-0.0023012692499999998,18.357003000000006,2.690635499999999,-12.303947249999993,,,,,,
0.0238379505,0.39637127775,-0.07011656925,18.378003,2.5688354999999987,-12.198947250000003,,,,,,
-0.0321900495,0.08305127775000001,0.06071343074999999,18.306603000000003,2.419735499999998,-12.089747249999988,,,,,,
-0.08410204950000001,-0.36592872225,-0.04943156925,18.186903,2.4953354999999995,-12.236747250000008,,,,,,
-0.062367049499999994,-0.21136872224999997,-0.15245756925,18.417902999999995,2.9279355000000002,-12.34384725000001,,,,,,
0.0858509505,0.11093927775000001,0.14811543075,17.598903,2.707435499999999,-12.177947249999988,,,,,,
0.1856639505,0.38692127774999996,0.03799143074999999,17.561102999999996,2.4743354999999987,-12.429947249999998,,,,,,
-0.1097010495,-0.08801472225,-0.04382456925,17.653503,2.6927354999999977,-12.837347250000022,,,,,,
-0.3391470495,-0.23257872225,0.10863543074999998,17.464503,3.1841355,-12.324947250000008,,,,,,
0.2547329505,-0.12972072224999998,0.04639143075,18.216303000000003,3.0182354999999994,-11.865047250000003,,,,,,
0.3051329505,0.26848127774999997,-0.16950956925,17.798403,2.9111355000000003,-11.705447249999992,,,,,,
-0.26039704950000003,0.03160127775,-0.0015578692500000002,17.517003000000003,2.9699354999999983,-11.82724725,,,,,,
-0.39017704950000004,-0.22165872225,-0.15531356924999998,17.741703,3.1463354999999993,-12.070847249999986,,,,,,
0.07957195049999999,0.008385777749999998,0.11424243075,16.981503000000004,2.8691354999999987,-12.264047250000004,,,,,,
0.6556229505,0.22249127775,1.09359843075,17.149503000000003,3.2009355,-12.211547249999995,,,,,,
-0.06471904950000001,0.032189277749999995,-0.96818156925,20.282702999999998,3.337435499999998,-12.453047249999997,,,,,,
-0.5002170495,0.010811277749999999,0.05508543075,20.158803,3.7931355000000018,-11.739047249999999,,,,,,
-0.0430890495,-0.21115872224999999,-0.46754156924999996,18.947103000000006,2.8418354999999984,-11.184647250000012,,,,,,
0.0060173505,-0.33421872225000004,0.30231843075,17.441403,2.3882355000000004,-11.15944725,,,,,,
0.25368295049999995,0.5505112777499999,0.14345343075,17.107502999999994,2.732635499999997,-12.427847249999985,,,,,,
0.30240295049999993,0.22963127775,0.07215843074999999,17.832003,3.6125355,-12.791147249999995,,,,,,
-0.4611570495,-0.60238872225,-0.048171569250000004,18.401103,3.942235499999999,-12.064547250000004,,,,,,
-0.028011049499999996,-0.04244472225,-0.06135956925,18.176403,3.9191354999999994,-11.516447249999999,,,,,,
0.1939799505,0.26722127775,-0.05373656925,17.523303,3.419335499999999,-11.69284725,,,,,,
-0.1521000495,0.040778277749999994,0.09989943074999999,18.107103000000002,2.9615355,-11.789447249999995,,,,,,
0.23751295050000001,-0.05317572225,-0.00489266925,18.323403,3.482335499999998,-11.94484725000001,,,,,,
0.0314819505,0.06448727775,-0.05121656925,17.911803,3.908635499999999,-11.78734725000001,,,,,,
-0.13551004949999998,0.11757527775,0.20699943075,17.443503,3.6566355,-11.770547249999993,,,,,,
-0.12196504949999999,-0.36634872225000004,-0.05900756925,17.79000299999999,3.4004355000000004,-11.816747249999992,,,,,,
-0.1786020495,-0.09536472224999999,0.00787113075,18.390603,3.6146354999999986,-11.98054725,,,,,,
0.2333129505,0.19454027775,-0.00026006925000000023,18.033603,4.003135499999999,-12.106547250000006,,,,,,
0.1623749505,0.17532527775,-0.09388856925,17.815202999999997,4.009435499999999,-12.163247250000012,,,,,,
-0.2559870495,-0.09433572224999999,0.01122483075,17.86770299999999,3.8792355,-12.16744725000001,,,,,,
0.13387795049999998,-0.13253472225,0.01063053075,17.643002999999993,3.665035500000002,-11.92174725000001,,,,,,
0.1323659505,0.13433327775,0.02085543075,17.714403000000004,3.669235499999999,-11.537447249999985,,,,,,
-0.2879070495,0.07381127775,0.03885243074999999,17.498102999999993,4.288735500000001,-11.963747249999983,,,,,,
-0.07965004950000001,-0.15116172225,-0.14351156925,17.834103,4.387435499999999,-12.545447249999995,,,,,,
0.2226029505,0.03334427775,0.07033143074999999,17.687103,4.227835499999998,-12.406847249999998,,,,,,
-0.0027312495,0.10125827775,0.014971230750000002,17.304902999999996,4.045135499999997,-12.184247249999999,,,,,,
0.07228495049999999,0.055142277749999996,0.025097430749999997,17.105402999999995,4.2194354999999995,-11.940647249999984,,,,,,
-0.13070104949999997,-0.05758572225,0.03542943075,17.092802999999996,4.509235499999999,-11.99104724999998,,,,,,
0.0041084505,-0.17394672225,-0.00161246925,17.445603,4.576435499999999,-11.83984725000002,,,,,,
0.21819295049999998,-0.056535722249999996,-0.04691156925,17.193602999999996,4.633135500000002,-11.900747249999995,,,,,,
-0.13187704949999998,0.28024127774999996,0.013421430750000001,17.164203,4.271935500000001,-12.224147249999987,,,,,,
-0.1283070495,0.02187827775,0.04330443074999999,17.103302999999997,4.242535499999999,-12.631547250000011,,,,,,
0.0439349505,-0.13373172225,0.0027870307500000003,17.141103,4.8326354999999985,-12.784847250000013,,,,,,
0.0008786505,-0.10141272224999999,-0.01479416925,17.008803,4.9691355,-12.46564724999999,,,,,,
0.1627949505,0.11106527775,-0.08204456925,17.122203000000006,4.637335499999999,-11.709647250000017,,,,,,
0.0163871505,0.16142327775,-0.0004238692500000002,17.160002999999996,4.7696355,-11.316947249999998,,,,,,
-0.21335704949999998,-0.08520072224999999,0.02870943075,16.866003,4.868335499999997,-11.760047250000014,,,,,,
0.09471295049999999,0.00692837775,-0.01637756925,16.813502999999997,5.0363355,-12.566447249999982,,,,,,
0.0111161505,-0.18509772224999999,-0.03741956925,16.805102999999995,5.090935499999997,-12.852047249999998,,,,,,
-0.025617049499999996,-0.048534722249999995,0.08148243074999999,16.624503000000004,5.374435500000001,-12.64834725,,,,,,
0.1121639505,0.19433027774999997,-0.00224456925,16.534203000000005,5.3093354999999995,-12.022547250000002,,,,,,
-0.05524804949999999,0.17307827775,0.03122943075,16.303202999999996,5.011135499999998,-11.52904724999999,,,,,,
0.0347579505,-0.21241872225,0.00167403075,16.534203000000005,5.151835500000001,-11.66344724999999,,,,,,
-0.1334940495,-0.15195972224999998,-0.07200656925,16.685402999999994,5.723035499999998,-12.140147249999984,,,,,,
-0.09138904950000001,0.08437427775,-0.02513456925,16.431303,5.9204355,-12.522347249999996,,,,,,
0.1915229505,0.03993827775,0.07047843074999999,15.931503,5.546635499999997,-12.442547250000018,,,,,,
0.0986189505,0.14838227774999999,0.06415743075,15.753003,5.210635499999999,-12.369047249999994,,,,,,
-0.1189410495,-0.09828372225,-0.06306056924999999,16.152003,5.7818355,-12.274547249999983,,,,,,
-0.09472804950000001,-0.16869672225,-0.02509256925,16.290602999999997,6.040135499999998,-12.012047249999995,,,,,,
0.0329939505,0.12505127775,0.01618503075,15.944102999999998,5.859535499999996,-12.096047249999998,,,,,,
0.1980749505,0.14813027774999998,-0.03466856925,15.629103,5.8931355,-12.257747250000023,,,,,,
-0.1447710495,0.0026758777499999997,-0.02021216925,15.876903000000006,6.3803354999999975,-12.53074724999999,,,,,,
-0.4267170495,-0.25630872225,0.10250343075,15.759302999999996,6.5378355,-12.763847249999998,,,,,,
0.18574795049999998,-0.05231472225,-0.00114416925,15.753003,6.250135499999999,-12.75964725,,,,,,
0.5376029505000001,0.38629127774999994,-0.04859156925,15.727803000000002,6.3824355,-12.150647249999992,,,,,,
-0.030867049499999997,-0.03582972225,-0.03834356925,15.816003000000002,6.678535500000002,-11.539547249999998,,,,,,
-0.32717704950000004,-0.27919872225000003,-0.07500956925,15.555602999999998,6.632335499999996,-11.873447249999998,,,,,,
-0.10972204949999999,0.12148127774999999,0.13263843075,14.877302999999998,6.512635499999998,-12.385847249999983,,,,,,
0.18683995050000002,-0.02560272225,-0.0017657692499999998,15.018002999999993,7.022935499999999,-12.803747249999986,,,,,,
0.12503695050000002,0.07196327775,-0.04290056925,15.396003,7.193035500000001,-12.822647249999989,,,,,,
-0.1498950495,0.12015827775,0.040028430749999996,15.156603000000004,7.1279354999999995,-12.306047249999978,,,,,,
-0.1397100495,-0.30817872225,-0.01122206925,14.818503,7.0544355,-12.106547250000006,,,,,,
0.0995639505,0.11786927775,-0.00879236925,14.745002999999997,7.260235499999997,-11.900747249999995,,,,,,
-0.05825104949999999,0.07194227775,-0.00526226925,14.967602999999997,7.361035500000003,-12.12754725000002,,,,,,
0.0328049505,-0.02820672225,-0.03895256925,14.833202999999997,7.6445355,-12.558047249999987,,,,,,
0.22806295050000003,0.20390627775,0.031313430749999996,14.427903,7.808335500000002,-12.55384724999999,,,,,,
-0.17608204949999998,-0.31300872225000004,0.058067430749999996,14.409002999999998,7.839835499999996,-12.387947249999996,,,,,,
-0.018821449499999997,-0.16602972224999998,-0.02668856925,14.585403,7.886035500000002,-12.043547249999989,,,,,,
0.1405979505,0.30334127774999997,-0.08632856925,14.587502999999998,7.7033355000000014,-11.879747250000008,,,,,,
-0.16423804949999998,-0.10120272224999999,0.07826943075,14.031002999999998,7.776835500000001,-12.385847249999983,,,,,,
-0.1427340495,0.02868227775,-0.17604056925,13.875602999999998,8.297635499999998,-12.755447249999975,,,,,,
0.23058295050000002,0.11333327775,0.22566843075,13.119602999999998,8.539135499999997,-12.64834725,,,,,,
0.23751295050000001,-0.09053472224999999,0.81261843075,13.470303000000001,8.396335499999996,-12.268247250000002,,,,,,
-0.13429204949999998,-0.03795072225,-1.00136156925,16.26750299999999,8.287135500000002,-12.066647249999988,,,,,,
-0.24569704949999996,0.10802027775,-0.24032156925,15.041103,8.9234355,-11.888147249999975,,,,,,
-0.2158770495,-0.09372672224999999,0.38778843075,13.302303000000002,8.847835499999999,-12.385847249999983,,,,,,
0.0362699505,-0.30754872225,0.054203430749999996,12.073802999999998,8.4719355,-12.673547249999984,,,,,,
0.5854829505,0.43186127774999994,0.11548143075,12.527403,8.654635500000001,-12.925547249999994,,,,,,
0.08629195049999999,0.39301127774999994,-0.16131956925000002,13.640403,9.225835500000002,-12.656747249999995,,,,,,
-0.4050870495,-0.5232187222500001,-0.09288056925,13.088102999999997,9.267835499999997,-12.129647250000005,,,,,,
-0.2900070495,-0.25672872225000004,0.23259843074999997,12.947403000000001,9.448435500000002,-12.054047249999996,,,,,,
0.10571695049999998,0.17043227775,-0.19897256925,12.666002999999996,9.446335499999996,-12.444647250000003,,,,,,
0.4945529505,0.37222127774999997,-0.11018456924999999,13.537503000000001,9.286735499999999,-12.839447250000006,,,,,,
0.0280589505,0.12043127775,0.20489943074999997,12.663902999999998,9.4694355,-12.864647250000019,,,,,,
-0.3716970495,-0.35122872225,-0.01694456925,12.199802999999996,9.553435500000003,-12.240947250000005,,,,,,
0.026042950500000002,-0.12690672225,-0.06041456925,12.304803,9.597535499999996,-11.92174725000001,,,,,,
0.057773950500000004,0.12899927775,-0.00840386925,12.096902999999998,9.647935499999999,-12.131747250000018,,,,,,
-0.1028550495,-0.012670922250000001,0.057920430749999995,12.174602999999998,9.847435499999996,-12.635747250000009,,,,,,
0.0850739505,0.05243327774999999,0.047084430749999996,11.714703,10.1204355,-12.728147249999978,,,,,,
0.0362069505,0.08330327775,-0.04290056925,12.195602999999998,10.162435499999997,-12.631547250000011,,,,,,
0.0007106505,-0.09649872224999999,-0.12879056925,12.390903000000002,10.286335499999996,-12.150647249999992,,,,,,
-0.0424800495,-0.03265872225,0.08051643074999999,11.763002999999998,9.883135499999998,-12.012047249999995,,,,,,
-0.0493890495,0.05837627774999999,0.031313430749999996,11.693703,10.0868355,-12.064547250000004,,,,,,
0.11907295049999998,-0.13121172224999997,-0.02355956925,11.401802999999994,10.6265355,-12.291347250000001,,,,,,
-0.1000200495,-0.047862722249999996,-0.06694556925,11.769302999999994,10.695835500000001,-12.516047249999986,,,,,,
-0.0031869495,0.18009227775,0.026357430749999997,11.168703,10.397635499999996,-12.47824725000001,,,,,,
0.0481139505,0.05400827774999999,0.06086043075,10.729802999999997,10.4144355,-12.31444725,,,,,,
-0.0443280495,-0.20790372225,-0.014867669249999998,10.792803,10.941535499999997,-12.41314724999998,,,,,,
0.0577319505,-0.05945472225,0.03122943075,10.725603,10.9310355,-12.375347250000004,,,,,,
0.08551495049999999,0.18511127775,-0.039498569250000004,11.103603,10.870135499999996,-12.186347250000011,,,,,,
0.0237539505,0.03693527775,0.07705143075,10.482002999999999,11.145235499999998,-12.005747250000013,,,,,,
-0.1260600495,-0.02274672225,0.09819843075,10.776002999999996,10.899535499999999,-12.341747249999997,,,,,,
-0.2238570495,-0.04458672225,-0.11226356925,10.788603000000002,11.033935499999998,-12.835247250000009,,,,,,
0.10101295049999999,-0.19895772224999997,-0.11350256925,10.545003000000001,11.529535500000001,-13.011647249999982,,,,,,
0.23562295049999998,0.20516627775000001,0.049163430749999994,10.295102999999997,11.661835499999999,-12.587447249999997,,,,,,
0.1537229505,0.06471827775,-0.00102026925,10.020003000000003,11.2544355,-12.257747250000023,,,,,,
-0.3855570495,-0.24076872224999998,0.07167543074999999,9.841503000000003,11.206135499999995,-11.932247249999989,,,,,,
-0.0312660495,0.28486127775,0.04641243075,9.868803,11.300635499999999,-12.022547250000002,,,,,,
0.4613729505,0.22669127775,-0.06919256925,9.837302999999999,11.731135499999997,-12.75964725,,,,,,
-0.1846710495,-0.45097872224999996,0.03400143075,9.610502999999994,12.298135499999997,-12.72394724999998,,,,,,
-0.21356704949999997,-0.13818372224999997,0.06905043074999999,9.789003000000001,12.310735500000003,-12.637847249999993,,,,,,
0.1272419505,0.47911127774999995,-0.08017556925,9.709203000000002,11.729035499999998,-12.081347249999993,,,,,,
0.0800129505,0.10407227775,0.00054843075,9.207302999999996,11.668135499999998,-11.52904724999999,,,,,,
-0.0454410495,-0.31720872224999996,0.14336943075,9.154803000000001,11.955835500000003,-11.806247249999984,,,,,,
-0.2753070495,-0.32266872225,-0.06394256925,8.812503,12.398935499999997,-12.434147249999995,,,,,,
0.23898295049999999,0.30733127774999996,0.024152430750000002,8.980502999999999,12.898735499999997,-12.80584725,,,,,,
0.32697295049999997,0.26302127774999995,-0.02389556925,9.167403,12.682435499999993,-12.608447250000012,,,,,,
-0.38807704950000005,-0.13969572225,0.01379313075,9.192602999999998,12.155335499999996,-12.215747249999993,,,,,,
-0.20350804949999998,-0.22039872224999998,-0.03863756925,9.049802999999997,12.3485355,-12.186347250000011,,,,,,
0.0563459505,-0.036228722250000005,-0.060057569250000005,8.436603000000005,12.577435499999996,-11.995247250000006,,,,,,
0.10989595049999999,0.02122727775,-0.07374956925,8.239203000000003,12.800035499999996,-12.106547250000006,,,,,,
0.2925329505,0.13737827775,0.07207443075,7.869602999999998,13.220035499999998,-12.34384725000001,,,,,,
-0.33305704950000004,-0.00498912225,0.036668430749999995,7.789802999999999,13.635835500000002,-12.709247250000004,,,,,,
-0.29714704950000004,-0.22081872225,0.09065943074999999,7.741503000000002,13.333435500000004,-13.030547250000012,,,,,,
0.5401229505,0.18261227775,0.01603173075,8.043903,13.007935499999999,-12.350147249999992,,,,,,
0.1062629505,0.12167027775,-0.09909656925,8.081703000000005,13.259935499999994,-11.946947249999994,,,,,,
-0.23624704949999997,-0.16957872225,0.03175443074999999,7.518903000000002,13.883635499999993,-12.180047250000001,,,,,,
-0.16134004949999997,0.05192927775,-0.007771769249999999,7.569302999999998,13.738735499999994,-12.350147249999992,,,,,,
-0.1230780495,0.03216827775,0.00414363075,7.4286030000000025,13.459435500000001,-12.768047249999995,,,,,,
0.3691829505,-0.02123262225,-0.01460306925,8.102702999999998,13.600135499999997,-12.87094725,,,,,,
0.2328929505,-0.11132472224999998,-0.005787269249999999,8.109003000000001,13.988635499999997,-12.587447249999997,,,,,,
-0.2918970495,-0.09601572224999999,-0.02253896925,7.470602999999997,14.020135499999999,-12.66514724999999,,,,,,
-0.0919350495,0.34681127775,0.08551443075,7.315203000000004,14.0180355,-12.251447249999984,,,,,,
0.0857249505,0.13634927775,0.02028843075,7.884302999999996,14.070535500000002,-11.942747249999996,,,,,,
-0.0022146494999999997,-0.32224872225,-0.02845256925,8.100603,14.368735499999996,-12.39004725000001,,,,,,
0.08910595049999999,0.02681327775,0.02442543075,7.806603000000003,14.6291355,-12.774347250000005,,,,,,
-0.0651810495,0.07259327775,0.00307263075,7.636503000000005,14.473735499999993,-12.854147249999983,,,,,,
-0.19790104949999998,-0.12533172225,-0.034185569250000006,7.632303,14.6081355,-12.644147250000003,,,,,,
0.0892109505,0.07234127775,-0.035760569250000006,7.334102999999999,14.788735499999998,-12.476147249999997,,,,,,
0.0251399505,-0.02224272225,-0.07897856925,7.235403000000005,14.633335499999998,-12.27874724999998,,,,,,
0.06407395049999999,-0.14194272225,0.12243243075,6.888902999999999,14.729935499999993,-12.53074724999999,,,,,,
-0.0051630495,0.07032527775,0.04876443075,6.998103,15.187735499999999,-12.879347249999995,,,,,,
0.0048287504999999994,0.20371727775,-0.046512569250000003,7.071603000000003,15.299035499999999,-12.944447249999996,,,,,,
0.0760019505,-0.11115672224999999,0.025559430749999997,6.838502999999996,15.362035500000001,-12.698747249999997,,,,,,
-0.1398150495,-0.11688972225,0.03154443074999999,7.132503,15.6308355,-12.266147249999989,,,,,,
-0.2503170495,-0.00868302225,-0.04300556925,7.535702999999998,15.800935499999998,-12.597947249999976,,,,,,
0.1429079505,0.14972627775,-0.030069569249999997,7.279502999999998,15.721135499999999,-12.931847250000004,,,,,,
0.1773689505,0.052622277749999995,0.01316313075,6.368102999999998,15.6539355,-13.200647249999975,,,,,,
-0.036579049499999995,-0.09586872225,0.11907243075,6.504602999999996,15.9983355,-13.22164724999999,,,,,,
0.055841950499999994,0.08653727775,0.02772243075,6.695702999999995,15.994135499999995,-12.684047249999992,,,,,,
-0.19670404949999998,0.008883477749999999,-0.13091156925,6.7692030000000045,16.0193355,-12.616847250000006,,,,,,
-0.0572640495,-0.10548672225,-0.09435056925,6.500402999999999,16.279735500000005,-12.568547249999995,,,,,,
0.38808295049999997,0.014916777749999999,0.035261430749999996,6.500402999999999,16.4183355,-12.978047250000003,,,,,,
-0.0217152495,0.010899477749999999,0.05974743075,6.880502999999997,16.223035499999998,-13.358147250000002,,,,,,
-0.13523704949999998,-0.031965722249999995,-0.00523916925,6.586503,16.2650355,-13.20484725,,,,,,
-0.019520749499999997,0.05293727775,-0.03363956925,6.225303000000004,16.613635499999997,-12.816347250000007,,,,,,
-0.0729090495,0.00067877775,-0.026058569249999997,6.002703000000004,16.7879355,-12.69454725,,,,,,
0.1298459505,0.00302447775,0.0008592307499999999,6.408002999999994,16.7669355,-13.009547249999997,,,,,,
0.0466649505,0.03798527775,0.01031133075,6.437402999999996,16.573735499999994,-13.158647250000001,,,,,,
-0.1698240495,0.07103927775,0.04565643075,6.080403000000004,16.7291355,-12.963347249999998,,,,,,
-0.1024770495,0.0015817777499999997,0.03479943075,5.979602999999997,16.947535499999997,-13.015847249999979,,,,,,
0.15544495049999998,-0.03727872224999999,0.01736523075,6.156002999999998,16.949635500000003,-13.33924725,,,,,,
0.1428659505,-0.03496872225,-0.04489556925,6.355502999999999,16.882435499999996,-13.13974725,,,,,,
-0.027465049499999998,-0.00219612225,-0.014487569249999999,6.067803000000005,16.7879355,-12.97594724999999,,,,,,
-0.0968700495,-0.10225272224999998,-0.09951656925,5.996403000000001,17.273035500000002,-12.84154724999999,,,,,,
-0.0945180495,-0.015625622250000002,0.06466143074999998,5.849402999999995,16.8866355,-12.940247249999999,,,,,,
0.0504869505,0.14991527775000002,0.06829443075,5.708703,16.8656355,-13.196447250000006,,,,,,
0.0018320505000000002,-0.11237472224999998,-0.030342569249999996,5.664603,17.3339355,-13.458947249999994,,,,,,
0.07736695049999999,0.008219877749999998,0.01783143075,5.656202999999998,17.5208355,-13.28044724999998,,,,,,
0.10775395049999999,0.18353627774999998,0.012216030749999999,5.7108029999999985,17.262535499999995,-13.043147249999976,,,,,,
-0.0960930495,-0.02656872225,-0.05117456925,5.761203000000002,17.228935499999995,-12.709247250000004,,,,,,
-0.25262704950000003,-0.15681072224999998,0.12892143074999998,5.507103000000001,17.336035500000005,-12.957047249999988,,,,,,
0.0105008505,-0.02950872225,0.19068243075,5.532302999999999,17.354935499999993,-13.173347249999978,,,,,,
0.1760039505,0.06413027775,-0.28589156925000003,5.994302999999995,17.3339355,-13.314047250000016,,,,,,
0.1243859505,-0.05825772224999999,-0.22835156925,5.244602999999998,17.669935499999998,-13.387547250000011,,,,,,
0.007497850500000001,0.01321367775,0.21453843074999998,4.665002999999999,17.3780355,-13.570247250000023,,,,,,
-0.21818704949999998,0.05713727775,0.15206343075,4.723803000000004,17.050435499999995,-13.65004725,,,,,,
-0.1276140495,-0.05279772225,-0.12864356924999998,4.950602999999994,17.035735499999998,-13.200647249999975,,,,,,
0.2696429505,0.17322527775000002,-0.03626456925,5.101802999999997,17.6090355,-12.797447250000005,,,,,,
0.0223679505,0.14336327775000002,0.10250343075,4.843502999999998,18.094135499999997,-13.158647250000001,,,,,,
-0.13525804949999998,-0.24685872224999997,0.051053430749999996,5.120702999999999,17.894635500000003,-13.599647250000004,,,,,,
0.0273239505,-0.23320872224999997,-0.09430856925,5.328603000000001,17.499835499999993,-13.469447250000002,,,,,,
0.12056395049999998,0.26344127775,-0.04823456925,5.028303000000001,17.0630355,-13.07044725,,,,,,
0.1740089505,0.19701827775,0.05372043074999999,4.593603000000002,17.1008355,-12.919247250000012,,,,,,
-0.22406704949999998,-0.29557872225,-4.3769249999999794e-05,4.301703000000003,17.386435499999994,-13.29304725,,,,,,
-0.2209170495,-0.11541972225,-0.07089356925,4.555802999999997,17.7350355,-13.62694725,,,,,,
0.3072329505,0.23971127775,0.09607743074999998,4.5222029999999975,17.718235500000002,-13.55554724999999,,,,,,
0.0058556505,0.07738127775,0.02068743075,4.5747029999999995,17.4116355,-13.351847249999992,,,,,,
-0.2442270495,-0.04765272225,-0.11568656925,4.557903000000003,17.2079355,-13.32244725000001,,,,,,
0.07451095049999999,-0.14391672225,0.08927343075,4.4571029999999965,16.9643355,-13.32664724999998,,,,,,
0.0460559505,-0.03582972225,-0.07301456925,4.494903000000001,17.2100355,-13.36864725000001,,,,,,
0.06825295049999999,0.05325227774999999,-0.10388456925,4.053902999999998,17.161735499999995,-13.364447250000012,,,,,,
-0.0595950495,0.09430727775,0.06829443075,3.7473030000000023,17.499835499999993,-13.559747249999987,,,,,,
-0.20697304949999998,0.04699427775,0.11760243075,3.7137030000000024,17.602735499999998,-13.929347250000006,,,,,,
0.06965995049999998,-0.22732872224999998,0.01190103075,3.873303,17.527135500000004,-13.652147250000013,,,,,,
0.16758295050000002,-0.09074472224999999,0.0028416307500000004,4.102202999999996,17.195335499999995,-13.383347249999986,,,,,,
-0.010528549499999998,0.29305127774999995,-0.09542156925,3.988802999999997,17.002135499999998,-13.328747249999992,,,,,,
-0.0940140495,0.03636827775,-0.015167969249999998,3.8418029999999987,17.1680355,-13.416947249999993,,,,,,
-0.0716280495,-0.16640772225,0.024362430750000004,3.6801030000000026,17.0000355,-13.603847250000001,,,,,,
0.1106939505,-0.07820772224999999,-0.00370406925,3.9825030000000012,16.895035499999995,-13.692047250000002,,,,,,
0.0391679505,0.01632377775,0.00403653075,4.438202999999994,16.9559355,-13.773947249999992,,,,,,
0.0567239505,0.14697527775,0.08312043075,4.312202999999997,17.170135499999997,-13.610147250000011,,,,,,
-0.1465350495,-0.02713572225,0.01716993075,4.053902999999998,17.149135499999996,-13.519847249999998,,,,,,
-0.012177049499999999,0.04924127774999999,-0.08395556925,3.9342030000000037,16.724935499999997,-13.13974725,,,,,,
0.11165995049999998,0.039434277749999996,-0.03704156925,4.335303000000003,16.479235499999998,-13.31614725,,,,,,
0.0149885505,-0.12411372224999999,0.00582153075,4.3983029999999985,16.561135499999995,-13.458947249999994,,,,,,
-0.0979200495,0.028556277749999994,0.07367043075,3.8439030000000045,16.7228355,-13.635347249999995,,,,,,
0.037256950500000004,0.027863277749999995,-0.0025784692499999998,3.8355029999999957,16.5989355,-13.683647250000007,,,,,,
0.11546095049999998,-0.09691872224999999,-0.02042006925,3.9027030000000025,16.435135499999998,-13.519847249999998,,,,,,
-0.1916640495,-0.10594872224999999,-0.02005256925,4.217703,16.414135499999997,-13.278347249999996,,,,,,
-0.1995600495,0.09682727775000001,0.02484543075,4.112703000000003,16.0088355,-13.337147250000015,,,,,,
0.33999295049999995,0.12456827775000001,0.015483630750000001,4.081203000000002,15.956335499999998,-13.503047250000009,,,,,,
0.1961429505,-0.03011772225,0.01216143075,4.037103000000002,16.3070355,-13.815947249999994,,,,,,
-0.1981110495,-0.02606472225,0.031355430749999996,4.173603,16.3847355,-13.76764725000001,,,,,,
-0.14779504949999997,-0.06596472224999998,-0.02034026925,4.213502999999996,16.145335499999998,-13.488347249999975,,,,,,
0.06459895049999999,-0.14221572224999998,-0.04063256925000001,4.337403000000002,16.1894355,-13.496747249999999,,,,,,
-0.0905280495,0.00425927775,-0.015107069249999999,4.383603000000001,16.101235499999998,-13.593347249999994,,,,,,
-0.1051860495,0.26092127774999996,0.00845283075,4.360502999999994,15.782035500000003,-13.93144724999999,,,,,,
0.08391895049999999,0.03126527775,0.031859430749999994,3.9741029999999995,15.681235499999996,-14.196047249999992,,,,,,
0.1760879505,-0.13711272224999999,0.02978043075,3.814502999999995,15.779935499999997,-14.086847250000005,,,,,,
-0.0037791495,0.00774737775,-0.01551236925,4.142102999999999,15.8408355,-13.868447250000003,,,,,,
-0.20065204949999998,0.011808777749999999,-0.05190956925,4.415103000000002,15.9542355,-13.59124724999998,,,,,,
-0.0274440495,-0.05050872225,-0.03979256925000001,4.198802999999998,16.094935499999995,-13.59754725000002,,,,,,
0.24759295050000002,0.026897277749999997,0.02131743075,3.7452030000000036,16.025635499999996,-14.013347249999981,,,,,,
-0.07652104950000001,-0.02164212225,0.08799243074999999,3.409203000000005,15.721135499999999,-14.609747249999998,,,,,,
0.0416669505,0.06217727774999999,0.05038143075,3.7263030000000015,15.4628355,-14.30734725000002,,,,,,
-0.020287249499999997,0.07750727775,-0.00973526925,3.9531029999999987,15.7757355,-14.028047249999986,,,,,,
-0.27005704950000003,-0.0037900222499999995,-0.06306056924999999,4.154702999999998,15.790435499999997,-13.941947249999998,,,,,,
0.2186129505,-0.00852972225,-0.07360256925,4.2219029999999975,15.305335499999995,-14.044847250000004,,,,,,
0.1786079505,-0.049227722249999994,-0.023475569249999998,3.957302999999996,15.238135500000002,-14.29474725,,,,,,
-0.17444404949999998,-0.13585272224999997,0.06665643075,3.9993029999999976,15.656035499999998,-14.532047250000005,,,,,,
-0.058902049500000005,0.12605927775,0.048533430749999995,3.7389030000000005,15.691735499999997,-14.56984725000001,,,,,,
-0.0098712495,0.08114027775,-0.00208916925,3.7662029999999973,15.668635499999997,-14.550947250000007,,,,,,
0.1106309505,-0.15565572225,-0.04220756925,3.762003,15.383035500000002,-14.322047249999997,,,,,,
0.11724595049999999,0.011493777749999998,-0.01644056925,3.8964029999999994,15.267535499999997,-13.912547250000017,,,,,,
-0.21818704949999998,0.04762427775,-0.04346756925,4.102202999999996,15.1646355,-14.032247249999983,,,,,,
0.0038123504999999997,0.01801637775,-0.00125336925,4.110602999999998,15.034435499999997,-14.48164724999998,,,,,,
0.15741895050000002,0.047855277749999994,0.07087743075,3.904803000000001,15.4964355,-14.796647250000007,,,,,,
0.0137768505,0.04184927775,-0.027801569249999998,3.919502999999999,15.422935499999998,-14.773547249999979,,,,,,
0.0210659505,-0.041499722249999996,-0.03004856925,4.2744029999999995,15.114235499999996,-14.712647250000003,,,,,,
-0.0240630495,-0.00650322225,0.048386430749999994,4.245002999999997,15.070135499999996,-14.427047249999987,,,,,,
0.006271450499999999,-0.06924072224999998,-0.01249466925,4.396203,15.055435499999998,-14.07844725000001,,,,,,
-0.19412104949999998,0.09458027775000001,0.00757083075,3.9237030000000033,15.248635499999995,-14.469047250000017,,,,,,
-0.0188046495,-0.04628772225,0.015515130749999998,3.7137030000000024,14.925235499999996,-14.666447250000004,,,,,,
0.1149359505,-0.15366072225,0.00786903075,4.205103000000001,14.8307355,-14.840747249999993,,,,,,
0.0038186504999999996,0.05623427774999999,-0.00249446925,4.497002999999999,14.9756355,-14.947847249999995,,,,,,
0.0438509505,0.09941027775,0.01229583075,4.312202999999997,15.517435499999994,-14.815547250000009,,,,,,
-0.028662049499999998,0.02874527775,-0.04432856925,4.129503,15.3746355,-14.75044724999998,,,,,,
0.011351350500000001,0.028766277749999996,-0.03290456925,3.990902999999996,15.156235499999998,-14.655947249999997,,,,,,
0.0747629505,0.037838277749999996,0.035807430749999994,4.016103000000001,14.866435499999998,-14.941547250000013,,,,,,
-0.14792104949999998,-0.00190212225,0.026042430749999998,3.990902999999996,14.694235500000001,-14.98564725,,,,,,
-0.0583770495,-0.26848872225,-0.00156416925,4.410902999999998,14.801335499999997,-14.672747250000015,,,,,,
0.057416950499999994,-0.0003418222500000002,-0.05092256925,4.219802999999999,14.9189355,-14.76304725,,,,,,
0.2000909505,0.26470127774999996,-0.03933056925,4.234502999999997,15.345235499999998,-14.71684725,,,,,,
-0.0054213494999999995,0.06024527774999999,0.01124373075,4.434003000000004,15.578335499999998,-14.599247250000019,,,,,,
-0.2255370495,-0.13948572224999997,0.015981330749999998,4.612502999999997,15.271735500000002,-14.882747250000023,,,,,,
0.049814950499999996,0.06950627775000001,0.07803843075,4.341602999999999,14.780335499999996,-15.210347250000012,,,,,,
0.2820329505,0.06041327775,0.0034968307499999994,4.182002999999995,14.778235499999997,-15.067547250000018,,,,,,
-0.04489504949999999,-0.13891872225,-0.05953256925,4.396203,15.162535499999994,-14.744147249999997,,,,,,
-0.1457790495,-0.08612472225,-0.03242156925,4.396203,15.280135499999997,-14.765147249999984,,,,,,
-0.028011049499999996,0.011445477749999999,0.00903873075,4.486502999999999,15.315835500000002,-14.817647249999993,,,,,,
0.1289009505,0.16721927774999998,0.02201043075,4.2807029999999955,15.265435499999999,-14.840747249999993,,,,,,
-0.0179877495,-0.016016222249999996,0.01002783075,4.324802999999996,15.147835499999996,-14.777747250000004,,,,,,
-0.2320470495,-0.12692772224999999,-0.00779066925,4.347903000000002,15.202435499999996,-14.989847249999997,,,,,,
0.0472739505,0.033869277749999996,-0.00950216925,4.341602999999999,15.433435499999998,-15.227147250000002,,,,,,
0.22428295050000002,0.03762827775,0.00715293075,4.583102999999994,15.399835499999998,-15.06124724999998,,,,,,
0.009100150500000001,-0.050067722249999995,0.0012246307499999996,4.5621030000000005,15.404035499999996,-14.830247250000014,,,,,,
-0.0709350495,0.13622327775,-0.01055006925,4.5096029999999985,15.4292355,-14.947847249999995,,,,,,
-0.1748010495,-0.02125992225,-0.004422269249999999,4.436103000000003,15.343135499999999,-14.998247249999991,,,,,,
-0.07181704950000001,-0.28465872225000005,0.057941430749999995,4.3395030000000006,15.414535500000003,-15.24394724999999,,,,,,
0.1495439505,-0.02589672225,0.01634883075,4.690203000000004,15.204535500000002,-15.315347250000002,,,,,,
0.05338495049999999,0.29872127774999996,-0.042858569250000006,4.513803000000003,15.267535499999997,-15.317447249999987,,,,,,
0.006477250499999999,0.08372327775,0.024950430750000002,4.408802999999999,15.194035499999995,-15.15574724999999,,,,,,
-0.09657604950000001,-0.06092472225,-0.035823569250000006,4.595703,15.233935499999998,-14.779847250000017,,,,,,
-0.0406950495,-0.15962472225,-0.022480169249999998,4.8036030000000025,15.769435499999997,-15.193547249999995,,,,,,
0.1040579505,0.027065277749999995,0.012638130749999999,4.545303000000004,15.624535499999997,-15.554747249999991,,,,,,
0.1462679505,0.14726927775,0.01723293075,4.6272030000000015,15.3977355,-15.79414724999998,,,,,,
-0.1497690495,-0.039168722249999996,0.032027430749999995,4.528503000000001,15.313735499999996,-15.546347249999997,,,,,,
-0.0766260495,-0.07465872224999999,-0.029775569249999995,4.566302999999998,15.156235499999998,-15.046547250000003,,,,,,
0.10132795049999999,0.04739327775,-0.06245156925,4.767903000000004,15.084835499999993,-14.817647249999993,,,,,,
0.053951950500000005,-0.05506572225,-0.01784126925,4.839302999999994,15.2192355,-15.065447249999977,,,,,,
-0.0715650495,0.01036607775,0.00742803075,4.8036030000000025,15.3305355,-15.462347250000022,,,,,,
-0.0103605495,0.13443827775,0.036017430749999996,4.795203000000001,15.326335499999995,-15.468647250000004,,,,,,
0.0529019505,0.014794977749999997,0.050003430749999994,4.471802999999994,15.479635500000004,-15.502247249999982,,,,,,
0.043598950500000004,-0.07845972224999999,0.03631143074999999,4.644002999999998,15.4964355,-15.357347250000004,,,,,,
-0.1236660495,-0.02474172225,-0.030405569249999997,4.963203,15.168835499999997,-15.120047249999999,,,,,,
-0.011998549499999999,-0.00226962225,-0.04233356925,5.124902999999996,15.1310355,-15.063347249999993,,,,,,
0.12241195049999999,-0.00544272225,-0.05046056925,4.879203000000004,15.166735499999998,-15.132647249999991,,,,,,
-0.1533810495,-0.057270722249999996,0.048365430749999994,4.696503,15.1982355,-15.37834724999999,,,,,,
-0.06534904949999999,-0.023187722249999997,0.012843930750000001,4.8036030000000025,15.055435499999998,-15.52534725000001,,,,,,
0.35511295049999997,0.21535127775,0.02001543075,4.870802999999995,15.026035500000003,-15.300647249999997,,,,,,
-0.0862860495,-0.03261672225,0.011277330749999998,5.055602999999998,15.267535499999997,-15.059147249999995,,,,,,
-0.2576670495,-0.17873472224999998,0.01698513075,4.889702999999997,15.588835499999998,-15.229247250000014,,,,,,
0.0494579505,-0.08408772224999998,-0.038700569250000004,4.730103,15.5972355,-15.439247249999994,,,,,,
-0.0197475495,0.05860727775,-0.00809516925,4.419302999999999,15.280135499999997,-15.737447250000002,,,,,,
0.08335195049999998,0.05856527774999999,0.03412743074999999,4.350003000000001,14.9420355,-15.575747250000006,,,,,,
-0.014999449499999998,-0.06159672225,0.01921743075,4.690203000000004,15.189835499999997,-15.565247249999999,,,,,,
-0.038112049499999995,0.11847827775,-0.01410536925,4.9338029999999975,15.147835499999996,-15.393047249999995,,,,,,
0.1294469505,0.08174927775,-0.04245956925,5.034602999999997,15.294835499999994,-15.264947250000006,,,,,,
-0.0922290495,-0.06382272224999999,-0.01208726925,4.597802999999999,15.183535500000001,-15.640847249999979,,,,,,
-0.050061049499999996,-0.14217372225,0.024992430749999996,4.660803000000001,15.242335499999992,-15.955847249999977,,,,,,
0.0068573505,0.06140027775,0.01309173075,4.959003000000003,15.280135499999997,-16.09864725,,,,,,
-0.05571004949999999,0.028850277749999997,0.042401430749999997,5.133302999999998,15.154135499999999,-15.850847249999987,,,,,,
0.08150395049999999,0.018686277749999997,-0.03807056925,4.996803,14.956735499999997,-15.699647249999998,,,,,,
0.06863095049999998,-0.02541372225,-0.012194369249999998,4.688102999999998,14.904235500000002,-15.592547249999996,,,,,,
0.018860950499999998,-0.01858242225,-0.043446569250000004,4.984203000000001,15.051235499999994,-15.50644724999998,,,,,,
-0.0579570495,0.06765827775,0.0003867307500000001,5.183703000000001,15.0302355,-15.779447250000004,,,,,,
-0.0983400495,0.11774327775000001,0.00608823075,5.187902999999999,14.950435500000001,-15.722747249999998,,,,,,
0.1723079505,-0.08885472224999999,0.039104430749999995,4.919103,15.1289355,-15.714347250000003,,,,,,
0.043325950499999995,-0.06825372225,-0.00677006925,5.154302999999999,14.969335499999996,-15.703847249999995,,,,,,
-0.0961770495,0.026246277749999998,-0.03011156925,5.368502999999997,14.8958355,-15.647147250000017,,,,,,
0.07329295049999998,0.09896927775,-0.01513226925,5.4105029999999985,14.8622355,-15.640847249999979,,,,,,
0.042674950499999996,-0.07822872225,0.03398043074999999,5.376902999999999,14.937835499999995,-15.592547249999996,,,,,,
-0.21482704949999998,-0.08673372224999998,-0.03649556925,5.1627030000000005,14.986135499999993,-15.808847250000014,,,,,,
0.06995395049999999,0.08555027775,0.06812643075,5.007303,14.660635500000001,-15.79414724999998,,,,,,
-0.07404304950000001,-0.08316372224999999,0.014211030750000003,5.526002999999996,14.549335500000002,-16.054547249999985,,,,,,
0.058445950499999996,-0.11174472224999998,-0.02147636925,5.8935029999999955,14.881135499999996,-15.825647249999975,,,,,,
0.1530299505,0.05692727775,0.00042663074999999993,5.595303000000001,14.9189355,-15.573647249999993,,,,,,
-0.21440704949999997,0.08044727775,0.006168030749999999,5.299203000000006,15.042835499999999,-15.451847249999986,,,,,,
0.0226409505,-0.02499372225,0.02243043075,5.166902999999998,14.916835500000001,-15.678647250000012,,,,,,
0.11795995049999998,0.020177277749999997,0.016728930750000003,5.118603,15.112135499999997,-16.188947249999984,,,,,,
-0.13462804949999999,0.00437057775,0.01432653075,5.580602999999996,15.0407355,-16.230947250000014,,,,,,
-0.012632749499999998,-0.11873772224999998,-0.00528116925,5.841003000000001,14.5619355,-16.384247250000016,,,,,,
0.13291195050000001,-0.07791372224999998,-0.02471456925,5.817903000000001,14.425435499999995,-16.100747250000012,,,,,,
-0.0831990495,0.10808327775,-0.039477569250000004,5.9460029999999975,14.5745355,-16.12384725000001,,,,,,
0.015314050500000002,0.08359727775,-0.00627026925,5.964903,14.897935499999999,-15.953747249999992,,,,,,
-0.07181704950000001,0.00633617775,0.022136430749999998,6.082503000000003,15.1289355,-16.25824725000001,,,,,,
-0.062451049499999994,0.09237527775000001,0.030242430750000004,5.750702999999994,15.076435499999999,-16.58584725,,,,,,
0.24696295049999997,-0.01662522225,0.02194743075,5.750702999999994,15.082735499999995,-16.38634725,,,,,,
-0.06516004950000001,-0.09011472224999999,-0.04922156925,6.009003,15.055435499999998,-16.394747249999995,,,,,,
0.0035204505000000002,-0.030033722250000002,-0.05060756925,6.009003,14.8517355,-16.058747249999982,,,,,,
0.1421939505,0.043844277749999994,-0.0040442692499999995,6.103502999999996,14.837035500000002,-16.361147250000016,,,,,,
-0.12939904949999997,0.10426127775,-0.01442666925,6.225303000000004,14.950435500000001,-16.354847250000006,,,,,,
-0.13973104949999998,-0.06858972224999998,0.04336743075,6.189602999999998,15.162535499999994,-16.522847250000012,,,,,,
0.047399950499999996,-0.13186272224999998,0.01888143075,6.204302999999996,15.355735499999998,-16.45144725,,,,,,
0.2683829505,0.21430127775,0.06443043074999999,6.258903000000004,15.238135500000002,-16.34014725,,,,,,
-0.0851730495,0.02131127775,-0.057264569249999994,6.412202999999998,15.051235499999994,-16.464047249999993,,,,,,
-0.14357404949999997,-0.16014972225,-0.05394656925,6.605403000000003,14.9756355,-16.272947249999987,,,,,,
0.0298439505,0.10862927775000002,-0.018164669249999998,6.443702999999999,15.055435499999998,-16.25194725,,,,,,
-0.029691049499999997,-0.01521402225,-0.00323576925,6.368102999999998,15.1310355,-16.495547249999987,,,,,,
0.0263159505,-0.11029572225,0.06428343075,6.395403000000002,15.368335499999997,-16.65094725,,,,,,
-0.0840600495,-0.08024472224999998,-0.007362269249999999,6.5277030000000025,15.294835499999994,-16.65514725,,,,,,
0.0430109505,0.07043027775,0.012337830749999999,6.458402999999997,15.2969355,-16.512347250000005,,,,,,
0.0601469505,0.13519427775,0.02327043075,6.561303000000002,15.313735499999996,-16.22884725,,,,,,
-0.0951690495,-0.05554872225,-0.05554256925,6.825902999999997,15.2864355,-16.371647249999995,,,,,,
-0.018036049499999998,-0.15714672224999998,0.00134643075,6.830103000000001,15.3410355,-16.493447250000003,,,,,,
0.1384559505,0.14569427775000002,0.05607243074999999,6.762903000000001,15.437635499999995,-16.77274725000001,,,,,,
0.0378029505,0.00586997775,0.02366943075,6.762903000000001,15.3200355,-16.892447250000004,,,,,,
-0.1021620495,-0.09599472225,-0.047415569250000004,6.863703000000001,15.290635499999997,-16.78954725,,,,,,
-0.0426900495,0.06438227775000001,-0.01363916925,6.9183029999999945,15.284335500000001,-16.46194725000001,,,,,,
0.0628349505,0.00623117775,-0.028767569249999996,7.038002999999996,15.2297355,-16.424147250000004,,,,,,
-0.0480030495,-0.022091522250000002,0.01811283075,7.153503000000001,15.502735499999996,-16.80844725,,,,,,
0.05636695049999999,0.08460527775,-0.05749556925,7.124103000000005,15.158335500000003,-17.127647249999995,,,,,,
-0.0151338495,0.07011527775,0.03236343075,7.029603000000002,15.154135499999999,-17.068847250000005,,,,,,
-0.18723304949999997,-0.23635872225000001,0.042170430749999994,7.046402999999998,15.187735499999999,-17.098247250000014,,,,,,
0.3135329505,0.00438947775,-0.02353856925,7.193402999999996,15.6644355,-16.70344725000001,,,,,,
-0.0519720495,0.19166327775,-0.00806996925,7.518903000000002,15.700135499999998,-16.293947250000002,,,,,,
0.0440189505,0.12864227775,-0.012293069249999998,7.5525030000000015,15.561535499999994,-16.692947249999975,,,,,,
0.1979279505,0.011846577749999998,0.02852043075,7.3824029999999965,15.3515355,-16.83154725,,,,,,
-0.28349704950000004,-0.05370072224999999,-0.014451869249999999,7.3761030000000005,15.217135500000001,-16.85464725,,,,,,
-0.1227000495,-0.29914872225,-0.062220569249999996,7.745702999999999,15.084835499999993,-17.033147249999985,,,,,,
0.1250999505,0.16131827775000002,-0.03185456925,7.798203000000001,15.042835499999999,-16.875647249999986,,,,,,
0.08925295049999998,0.08498327775,0.01387083075,7.804502999999997,14.889535499999997,-16.716047250000003,,,,,,
0.07509895049999998,-0.10748172224999998,0.01536813075,7.554603,15.412435499999997,-16.63204725,,,,,,
-0.020028949499999997,0.02397827775,0.03164943074999999,7.504203000000004,15.677035499999999,-16.583747249999988,,,,,,
-0.21860704949999996,0.10934327775000001,0.02883543075,7.682703000000004,15.393535500000002,-16.75594724999999,,,,,,
0.06359095049999999,0.00824717775,0.02150643075,7.791902999999998,15.162535499999994,-16.957547250000005,,,,,,
0.0123866505,-0.17705472225,-0.03489956925,8.077503,14.986135499999993,-16.55644724999999,,,,,,
0.1638449505,0.10833527775,-0.04512656925,8.247602999999998,14.5178355,-16.478747249999998,,,,,,
-0.0814350495,0.022802277749999995,0.004574130749999999,8.163603000000002,14.603935499999995,-16.346447249999983,,,,,,
-0.2568270495,-0.31657872225,0.03311943075,8.079602999999999,14.9294355,-16.665647249999978,,,,,,
0.1100429505,0.14021327775,-0.012022169249999999,8.405103000000004,14.912635499999997,-16.938647250000002,,,,,,
0.0227249505,0.19554827775,0.01970043075,8.295902999999996,14.935735500000003,-17.15914724999999,,,,,,
-0.0208143495,-0.11371872225,0.03629043075,8.186703000000001,14.8622355,-17.064647250000007,,,,,,
0.022199950500000003,-0.14668872225,0.031082430749999997,8.270702999999997,14.723635499999997,-16.699247250000013,,,,,,
0.0520829505,-0.03746772225,-0.024147569249999997,8.325302999999998,14.190235499999996,-16.653047249999986,,,,,,
0.1134239505,0.19071827775,-0.09002456925,8.856603,14.232235499999998,-16.814747249999982,,,,,,
-0.1174920495,0.25588127774999997,0.03706743075,8.793602999999997,14.387635499999998,-17.033147249999985,,,,,,
-0.3290670495,-0.21829872225,-0.00270656925,8.516403000000004,14.299435499999998,-16.926047249999982,,,,,,
0.12215995049999999,-0.36109872225,0.05760543075,8.663402999999995,14.501035500000004,-17.161247250000002,,,,,,
0.4267229505,0.15541727775,-0.006833069249999999,8.850303000000004,14.383435500000001,-17.192747249999996,,,,,,
-0.0391200495,0.31909127774999996,-0.03147656925,9.081302999999998,13.913035499999996,-16.95544724999999,,,,,,
-0.2807670495,-0.13749072224999997,0.013459230750000002,8.867103,13.776535499999998,-16.89034724999999,,,,,,
-0.0623880495,-0.18390072224999998,-0.00514466925,8.812503,13.9172355,-16.902947249999983,,,,,,
0.23079295049999998,0.17977727775000002,-0.056760569250000004,9.047702999999998,13.982335499999994,-17.199047250000007,,,,,,
0.1323869505,0.18719027775,0.050129430749999995,9.125402999999999,13.709335499999998,-17.37754725000002,,,,,,
-0.18798904949999998,-0.17382072225,0.00872583075,9.219903000000002,13.787035499999998,-17.17174725000001,,,,,,
-0.2530470495,-0.19437972225,-0.007742369249999999,9.329103000000003,13.745035499999997,-17.005847249999988,,,,,,
0.2167229505,0.10199327775000001,0.01875543075,9.450902999999997,13.2179355,-16.85464725,,,,,,
0.33390295049999996,0.13630727774999998,-0.01838306925,9.474003000000003,13.115035499999994,-16.78534725,,,,,,
-0.2019330495,-0.03387672225,-0.01977956925,9.688202999999994,13.0268355,-16.986947250000014,,,,,,
-0.1771320495,-0.08740572225,-0.00318536925,9.644103000000001,12.9512355,-17.348147249999982,,,,,,
0.0944399505,0.13370327775,0.04832343074999999,9.642002999999995,12.902935500000002,-17.245247250000006,,,,,,
0.0246779505,-0.01173222225,-0.043488569250000005,9.816302999999998,12.926035500000001,-17.245247250000006,,,,,,
0.0376979505,-0.15565572225,0.02110743075,9.585303000000003,12.529135499999999,-16.97644724999998,,,,,,
-0.1487610495,-0.03072672225,0.028646430749999997,9.684003000000004,12.319135499999998,-16.810547250000013,,,,,,
-0.0533160495,0.14441327775,0.00066183075,9.839402999999997,12.373735499999999,-17.026847250000003,,,,,,
0.2299529505,0.008625177749999999,-0.00564446925,10.219502999999996,12.254035499999997,-16.99534725000001,,,,,,
-0.0901920495,-0.12037572224999998,0.004427130749999999,10.269903,12.025135499999994,-17.18224724999999,,,,,,
-0.1391850495,-0.05832072225,0.031334430749999996,9.946503,12.199435500000003,-17.362847249999987,,,,,,
-0.041388049499999996,0.07416827775000001,-0.01098686925,10.200602999999994,11.9831355,-17.251547250000016,,,,,,
0.19702495050000002,0.13920527775,0.014024130750000002,10.435803,11.699635500000003,-17.01844725000001,,,,,,
0.1252469505,-0.04131072225,-0.03985556925,10.456802999999994,11.6492355,-16.97644724999998,,,,,,
-0.3017670495,-0.22060872224999997,0.02448843075,10.335003,11.563135500000001,-17.50564724999998,,,,,,
-0.0563820495,-0.01045752225,0.036605430749999994,10.444203000000002,11.363635499999997,-17.62744724999999,,,,,,
0.1530719505,0.20262527775,-0.07127156925,10.746603,11.132635499999996,-17.21794724999998,,,,,,
0.08484295049999999,-0.06294072225,-0.02149316925,10.847403,11.006635499999998,-17.14234725,,,,,,
-0.0451680495,-0.06686772225,-0.02788556925,10.849502999999999,10.910035499999996,-17.184347250000002,,,,,,
-0.1803240495,0.15281327775,0.03164943074999999,10.813803,10.7315355,-17.348147249999982,,,,,,
0.10252495049999999,0.045419277749999994,-0.06969656925,10.931403000000003,10.758835499999996,-17.327147249999996,,,,,,
0.2163029505,0.035381277749999995,0.03540843075,11.084702999999998,10.571935499999999,-17.54554725,,,,,,
-0.0967440495,-0.09916572224999999,0.01761933075,11.030103000000004,10.149835499999995,-17.77444725000001,,,,,,
-0.15882004949999998,-0.17745372225,0.0015732307500000002,11.036403,10.011235499999998,-17.78074724999999,,,,,,
0.07404895049999999,0.029123277749999996,-0.01481306925,11.256902999999994,10.061635499999998,-17.314547250000004,,,,,,
0.09994195049999999,0.12209027775,-0.03466856925,11.471103,9.704635500000002,-16.961747250000002,,,,,,
0.0631499505,0.03869927775,-0.00931736925,11.469003,9.767635499999997,-17.25364725,,,,,,
-0.1571400495,0.02719127775,0.007268430750000001,11.364003000000004,9.811735499999998,-17.490947250000005,,,,,,
-0.056130049499999994,0.00488927775,-0.01431956925,11.458503,9.521935500000001,-17.503547249999997,,,,,,
0.2055719505,-0.04601472225,0.06319143075,11.628602999999998,9.299335499999998,-17.54764725000001,,,,,,
0.0176786505,-0.02539272225,-0.02551256925,11.487903000000003,9.232135500000002,-17.600147249999992,,,,,,
-0.0166878495,-0.031293722249999996,0.020456430749999997,11.536203,9.236335499999996,-17.383847250000002,,,,,,
-0.053799049499999994,0.08979227775,-0.02925056925,11.878503000000002,8.795335499999997,-17.415347249999996,,,,,,
-0.0328620495,0.022235277749999997,-0.02032766925,11.889003000000002,8.828935499999996,-17.17174725000001,,,,,,
-0.1348590495,-0.21493872225,-0.00249026925,11.981403,8.541235499999996,-17.39854724999998,,,,,,
-0.0422490495,0.05216027775,0.04336743075,11.964602999999997,8.318635499999996,-17.520347249999986,,,,,,
-0.1052070495,-0.05924472225,0.02276643075,12.010802999999996,8.087635499999998,-17.568647249999998,,,,,,
0.28434295049999997,-0.00869142225,0.006636330750000001,12.157803000000001,8.425735500000002,-17.379647250000005,,,,,,
0.12043795049999999,0.13004927775,0.02236743075,12.332102999999996,8.497135500000002,-17.035247249999998,,,,,,
0.0119729505,0.18488027775000002,-0.04172456925,12.193503,8.047735499999998,-17.21794724999998,,,,,,
-0.0006480494999999999,0.008793177749999999,0.08244843075,12.038103,7.743235500000001,-17.51824725,,,,,,
-0.27761704950000005,-0.12741072224999997,-0.032253569249999996,12.275403000000004,7.3505354999999994,-17.606447250000002,,,,,,
-0.0818970495,-0.26575872225,-0.025365569249999997,12.542102999999997,7.180435499999998,-17.85214725,,,,,,
-0.0007740494999999999,0.20357027775,-0.18654056925,12.626103,7.037635499999997,-17.61694725000001,,,,,,
0.21189295049999998,0.01353707775,0.10653543075000001,12.466503000000003,6.735235499999998,-17.29984725,,,,,,
0.07423795049999998,-0.07885872224999999,-0.012234269249999999,12.779402999999995,7.207735499999998,-17.209547249999986,,,,,,
-0.24695704949999997,0.12832727775,0.01727073075,12.775202999999998,7.306435499999999,-17.301947250000012,,,,,,
0.17323195049999998,-0.01500612225,0.05036043074999999,12.659703,7.346335499999999,-17.579147250000005,,,,,,
0.0348209505,-0.03708972225,0.03337143075,12.666002999999996,6.766735499999999,-17.585447249999987,,,,,,
0.0051836505,0.11507627775,-0.00277166925,13.048202999999994,6.434935499999998,-17.579147250000005,,,,,,
0.14656195049999998,0.01306877775,-0.10293956925,13.163702999999998,6.006535499999998,-17.385947250000015,,,,,,
-0.3307470495,-0.09796872225,-0.051531569250000006,13.081802999999994,6.113635500000001,-16.923947249999998,,,,,,
-0.0973320495,-0.18425772224999998,0.03259443074999999,13.146902999999995,6.0737355000000015,-17.20114724999999,,,,,,
0.2163029505,0.23173127775,0.042338430749999996,13.123803000000002,6.000235499999999,-17.606447250000002,,,,,,
0.020047450499999998,0.04069427775,0.02119143075,13.293903,5.975035500000001,-17.600147249999992,,,,,,
0.0119645505,-0.25063872225,0.01570623075,13.220403000000005,6.0212354999999995,-17.514047250000004,,,,,,
-0.1962000495,-0.0033574222500000004,-0.00874406925,13.375802999999998,5.746135499999998,-17.385947250000015,,,,,,
0.0710039505,0.15081827775,0.029255430750000002,13.669803000000002,5.332435499999999,-17.04784724999999,,,,,,
0.32151295049999995,0.06446627775000001,-0.033177569250000004,13.644602999999996,5.170735499999999,-17.041547250000008,,,,,,
-0.2740470495,0.05535227775,-0.00022646925000000028,13.642502999999998,5.4626354999999975,-17.21164725,,,,,,
-0.1232250495,-0.15214872224999998,0.0013485307499999997,13.678202999999996,5.229535499999997,-17.308247249999994,,,,,,
0.0975899505,-0.21325872224999998,0.046055430749999994,13.835702999999995,5.170735499999999,-17.553947249999993,,,,,,
0.0602519505,0.06854027775,-0.06184256925000001,14.079302999999996,4.759135499999999,-17.66314724999998,,,,,,
0.08639695049999999,0.14668127775,0.01827453075,13.968002999999996,4.6142354999999995,-17.501447249999984,,,,,,
-0.21104704949999997,0.09159827775,0.05250243075,13.986902999999998,4.500835499999997,-17.192747249999996,,,,,,
0.0063113505,-0.12083772224999999,-0.02901956925,14.115003000000002,4.616335500000002,-17.196947249999994,,,,,,
0.1380359505,-0.05145372225,-0.03126656925,14.276703000000005,4.631035499999999,-17.320847249999986,,,,,,
-0.050691049499999995,0.24013127775,0.01266753075,14.186402999999999,4.397935499999999,-17.600147249999992,,,,,,
0.0511169505,-0.04737972225,0.03385443075,14.346002999999996,4.171135499999998,-17.50564724999998,,,,,,
-0.2154570495,-0.23446872224999998,-0.05392556925,14.528703,4.200535500000001,-17.38804725,,,,,,
0.1926149505,0.08431127775,0.028037430749999998,14.703002999999995,3.812035499999997,-17.24104724999998,,,,,,
0.25620295049999997,0.08048927775,-0.02601656925,14.318703,3.8246354999999994,-17.190647249999984,,,,,,
-0.2057340495,0.050144277749999994,0.01856223075,14.526603000000001,3.749035499999998,-17.442647249999993,,,,,,
-0.18840904949999998,-0.11145072225,-0.018278069249999997,14.868903000000003,3.6188354999999994,-17.608547249999987,,,,,,
-0.017693749499999998,0.09598727775,0.032783430749999995,15.049502999999994,3.4214354999999976,-17.566547250000013,,,,,,
0.1866299505,0.00790277775,-0.03536156925,14.931902999999998,3.5537354999999984,-17.41114725,,,,,,
0.26817295049999995,-0.08110572224999998,-0.024546569249999997,15.085203,3.2786355,-16.961747250000002,,,,,,
-0.32927704950000003,0.005611677749999999,0.04330443074999999,15.007503,3.068635499999999,-16.77274725000001,,,,,,
-0.18866104949999998,0.11744927775,0.03639543075,15.036902999999995,2.9930355000000013,-17.087747250000007,,,,,,
0.2360429505,-0.061218722249999996,-0.029376569249999998,15.454802999999998,2.8166355000000003,-17.236847249999983,,,,,,
0.0187580505,-0.09084972224999999,-0.02761256925,15.419103,2.7746354999999987,-17.32504725000001,,,,,,
-0.0024309495,-0.0005791222500000001,0.048638430749999996,15.433802999999997,2.7809354999999982,-17.484647249999995,,,,,,
-0.14139004949999998,0.03422627775,-0.00973526925,15.511502999999998,2.6549355000000006,-17.146547249999998,,,,,,
0.0254549505,0.12807527775,0.0005631307499999998,15.624902999999996,2.3798354999999987,-16.844147249999992,,,,,,
0.3126929505,-0.14442072225,0.04267443075,15.639603000000001,2.356735499999999,-16.80844725,,,,,,
-0.2568270495,-0.13881372225,-0.06925556925000001,15.826503000000002,2.2223355,-17.268347249999977,,,,,,
-0.0887430495,0.11226227775,0.049163430749999994,15.866402999999998,2.2979354999999977,-17.30614725000001,,,,,,
0.12390295049999998,0.12009527775,0.00585513075,15.931503,1.9094355000000007,-17.146547249999998,,,,,,
-0.0843540495,-0.06577572224999999,-0.03893156925,16.057502999999997,1.7855354999999982,-17.115047250000003,,,,,,
0.0442499505,-0.18131772224999998,0.042863430749999994,15.948302999999996,1.653235500000001,-17.026847250000003,,,,,,
-0.0648870495,0.00363977775,-0.01931126925,16.246503000000004,1.5881355,-17.08354724999998,,,,,,
0.07217995049999999,0.25840127775,-0.030930569249999998,16.450202999999995,1.659535499999997,-17.278847250000013,,,,,,
0.13946395050000002,0.041555277749999994,0.05829843074999999,16.441803,1.6112354999999994,-17.13604724999999,,,,,,
-0.09800404950000001,-0.19232172225,-0.017118869249999998,16.33260299999999,1.2689354999999978,-17.29984725,,,,,,
-0.07492504950000001,-0.06764472224999998,0.010036230750000001,16.362003,1.2857355000000013,-17.192747249999996,,,,,,
0.0026195504999999997,0.09575627775000001,0.01556553075,16.483803,1.124035499999998,-17.08354724999998,,,,,,
0.036458950500000004,0.11868827775,-0.07173356925,16.677003000000006,0.9959354999999981,-16.875647249999986,,,,,,
0.0920459505,-0.06285672225,0.003570330749999999,16.693803000000003,0.9959354999999981,-16.944947249999984,,,,,,
-0.17062204949999998,-0.051768722249999996,0.01814013075,16.855503,0.9392354999999988,-17.033147249999985,,,,,,
0.0007694504999999999,-0.02425872225,-0.07727756925,17.006703,0.7985354999999998,-17.152847250000008,,,,,,
0.2163029505,-0.0010117222500000001,0.06921843075,16.868102999999998,0.48143549999999635,-17.087747250000007,,,,,,
-0.0609390495,0.04103027775,-0.00974786925,16.905902999999995,0.43943550000000187,-16.87144724999999,,,,,,
-0.0843330495,-0.00171522225,-0.022675469249999997,17.059203000000004,0.38903549999999854,-16.829447250000015,,,,,,
-0.0760590495,0.012148977749999998,0.06751743074999998,17.139003000000002,0.3743355000000008,-16.724447249999997,,,,,,
0.049100950500000004,0.10361027775000001,-0.05193056925,17.199902999999992,-0.0057645000000015045,-16.963847250000015,,,,,,
0.1385609505,-0.07176072224999999,-0.02043686925,17.296503,0.14543549999999783,-17.17174725000001,,,,,,
-0.1554180495,-0.12690672225,0.00440823075,17.279703000000005,0.2735354999999977,-17.035247249999998,,,,,,
-0.050586049499999994,0.05003927774999999,0.03456843075,17.458202999999997,-0.09606450000000066,-17.03104725,,,,,,
0.06917695049999999,0.01614317775,-0.011627369249999998,17.527502999999996,-0.0918644999999998,-16.911347250000006,,,,,,
0.07058395049999999,0.012778977749999998,-0.03265256925,17.647203000000005,-0.2262644999999992,-16.842047250000007,,,,,,
0.0415409505,0.07643627775,-0.11150756925,17.699703000000007,-0.2955645000000011,-16.800047250000006,,,,,,
-0.06474004950000001,-0.06741372224999999,-0.15424256925,17.14740299999999,-0.3585645000000035,-16.829447250000015,,,,,,
-0.14309104949999998,-0.005955122249999999,1.06293843075,16.359902999999996,-0.2850645000000007,-17.04784724999999,,,,,,
0.0501089505,-0.02413272225,-0.8444915692499999,19.493102999999998,-0.4992644999999989,-16.944947249999984,,,,,,
0.2841329505,0.10367327775,-0.08219156925,19.650602999999997,-0.4320644999999992,-16.665647249999978,,,,,,
-0.0444330495,-0.09998472224999999,-0.36317156925,18.905102999999997,-0.7575645000000009,-16.369547249999982,,,,,,
-0.48425704950000004,-0.33757872225,0.17239143075,17.254503000000007,-1.1376644999999996,-16.68454725000001,,,,,,
0.1650839505,0.38692127774999996,0.28467843075,16.794603000000002,-1.2657644999999995,-17.052047249999987,,,,,,
0.41958295049999994,0.20701427775,0.08228043075,17.993702999999996,-1.011664500000002,-17.190647249999984,,,,,,
-0.22700704949999997,-0.23026872224999997,-0.12757256925,18.357003000000006,-0.8940645000000025,-16.94914724999998,,,,,,
-0.3372570495,-0.17134272225,-0.15058856925,19.033203,-0.5412645000000005,-16.686647249999993,,,,,,
0.1928249505,0.08706227775,-0.02832656925,17.905502999999996,-0.9423645000000036,-16.659347249999996,,,,,,
0.2984129505,0.27541127774999996,0.15956043074999998,17.94750299999999,-1.4631645000000013,-16.54384725,,,,,,
0.07589695049999999,-0.08412972225,-0.06686156925,18.474603000000002,-1.530364500000001,-16.732847249999992,,,,,,
-0.3034470495,-0.16951572224999997,0.03473643075,18.569103,-1.530364500000001,-16.480847249999982,,,,,,
0.06705595049999999,0.13639127775,0.03962943074999999,18.186903,-1.5555644999999991,-16.571147249999996,,,,,,
0.0154295505,-0.046896722249999995,-0.00267926925,17.901303,-1.5051644999999994,-16.55014725000001,,,,,,
-0.3131070495,-0.13354272224999997,-0.11131856925000001,18.804303000000004,-1.5534645000000005,-16.61524725000001,,,,,,
0.23751295050000001,0.06091727774999999,0.09616143075,18.577502999999993,-1.584964499999998,-16.63834724999998,,,,,,
0.1457429505,0.15579527775,-0.02834756925,18.711903,-1.889464499999999,-16.485047250000008,,,,,,
-0.1120110495,-0.00015282225000000024,-0.04542056925,18.571202999999997,-1.9776644999999995,-16.522847250000012,,,,,,
0.0591389505,-0.14687772224999998,-0.029754569249999998,18.690903,-2.055364500000003,-16.49764725,,,,,,
0.0097637505,0.05153027775,0.08389743074999999,18.858902999999998,-1.8264645000000002,-16.33384724999999,,,,,,
-0.10461904949999999,-0.047001722249999996,0.049373430749999996,18.378003,-1.8768645,-16.516547250000002,,,,,,
-0.1091970495,-0.03433872225,-0.11511956925000001,18.648902999999997,-2.0280644999999993,-16.390547249999997,,,,,,
0.0977999505,0.09525227775,0.039104430749999995,18.74760299999999,-2.156164499999999,-16.151147250000008,,,,,,
0.0506549505,0.015462777749999997,0.033581430749999995,19.014303000000005,-2.185564499999998,-16.21624724999998,,,,,,
-0.0898140495,-0.11268972225,-0.01941626925,18.720302999999994,-2.1330644999999997,-16.41574725000001,,,,,,
0.018846250499999998,-0.027849722249999997,0.02121243075,18.323403,-2.0049645,-16.70344725000001,,,,,,
0.1303499505,0.10516427775,0.011002230750000001,18.793802999999997,-2.0133645000000016,-16.466147250000006,,,,,,
-0.0013053495,-0.015499622250000001,-0.04306856925,18.972303000000004,-2.1540645000000005,-16.08184724999998,,,,,,
-0.1385550495,-0.037572722249999996,-0.030930569249999998,19.005902999999996,-2.5488645000000005,-16.025147250000003,,,,,,
0.0011306504999999997,0.16973927775,0.06014643074999999,18.795902999999996,-2.5782644999999995,-16.254047250000013,,,,,,
0.08202895049999999,-0.045426722249999996,-0.01224476925,18.791703000000005,-2.0616645000000027,-16.46194725000001,,,,,,
-0.0981510495,-0.15849072225,-0.00338066925,18.89250299999999,-2.196064500000002,-16.47454725,,,,,,
-0.0441600495,0.009971277749999998,-0.06159056925,18.827402999999997,-2.3430645000000005,-16.226747250000017,,,,,,
0.2801429505,0.13769327775,0.09063843075,18.898803,-2.7756645000000013,-16.130147249999993,,,,,,
-0.0644040495,0.07700327775,0.004958430750000001,19.146603,-2.637064500000001,-15.915947249999988,,,,,,
-0.15779104949999997,-0.03225972225,-0.11165456925,19.236903000000005,-2.387164500000001,-16.262447250000008,,,,,,
0.0336659505,-0.19587072225,-0.026352569249999996,19.085702999999995,-2.414464500000001,-16.306547249999994,,,,,,
-0.026457049499999996,0.02162627775,0.11247843075,18.911403,-2.4753645000000013,-16.212047249999983,,,,,,
0.12501595050000003,0.01702937775,0.016712130749999998,19.18020299999999,-2.6727644999999995,-15.865547249999992,,,,,,
-0.0478140495,0.14861327775,-0.060540569249999995,19.159203000000005,-2.847064500000002,-15.783647250000001,,,,,,
-0.0600990495,0.05463827775,0.05936943074999999,19.281003,-2.8155645000000007,-15.865547249999992,,,,,,
0.1281659505,-0.28087872225000005,-0.04840256925,19.344003,-2.523664499999999,-16.155347250000005,,,,,,
-0.0801120495,-0.014594522249999999,-0.06513956925,19.801803,-2.4039645000000007,-16.283447249999995,,,,,,
-0.12207004950000001,0.21829127774999998,0.07022643075,19.155002999999994,-2.655964500000003,-16.184747249999987,,,,,,
0.0422759505,-0.02310372225,0.06938643074999999,19.022702999999993,-2.8365645000000015,-15.922247249999998,,,,,,
0.0367529505,-0.10512972224999999,-0.02599556925,19.476303,-2.653864500000001,-15.810947249999998,,,,,,
0.0144530505,0.0031378777499999995,-0.07038956924999999,19.774503000000003,-2.525764500000001,-15.834047249999998,,,,,,
0.0246569505,0.11870927775,0.02054043075,19.562402999999996,-2.7546645000000005,-15.871847250000002,,,,,,
-0.019222549499999998,-0.06634272225,0.00429063075,19.197003000000002,-2.840764499999999,-15.783647250000001,,,,,,
-0.018157849499999996,-0.04968972225,0.0022809307499999996,19.377602999999993,-2.6118644999999994,-15.82354724999999,,,,,,
-0.0861180495,0.08706227775,0.01503003075,19.604403000000005,-2.6601645000000005,-15.989447250000012,,,,,,
0.09784195049999998,-0.043137722249999996,0.01039113075,19.514103,-2.8995645000000003,-15.981047249999989,,,,,,
0.1467929505,-0.030600722249999997,-0.03111956925,19.587602999999994,-2.7735645000000027,-15.768947249999997,,,,,,
-0.0795030495,0.09867527775,0.02749143075,19.442702999999995,-2.5404645000000023,-15.479147249999983,,,,,,
-0.0253020495,-0.12646572225,-0.04930556925,19.761903000000004,-2.7714645000000004,-15.472847250000001,,,,,,
-0.0217467495,0.0034024777499999997,0.00542883075,19.591803000000006,-2.9310645000000015,-15.80044724999999,,,,,,
-0.056298049499999996,0.20926127775,0.05672343074999999,19.54770299999999,-2.924764500000002,-15.974747250000007,,,,,,
0.13706995049999998,-0.11199672225,-0.03622256925,19.661102999999997,-2.7000645,-15.974747250000007,,,,,,
0.022031950499999998,-0.07707372224999999,-0.014210369249999999,19.787103000000002,-2.5719645,-15.485447249999993,,,,,,
-0.21146704949999995,0.05873327775,0.00148503075,19.598102999999995,-2.653864500000001,-15.357347250000004,,,,,,
-0.0093084495,0.01718057775,-0.02216096925,19.591803000000006,-2.7588645000000014,-15.498047250000013,,,,,,
0.09931195049999998,-0.060273722249999995,0.03584943075,19.717802999999996,-2.9016645000000025,-15.485447249999993,,,,,,
0.057689950499999997,-0.00029142225000000014,-0.00334706925,20.047502999999992,-2.914264499999998,-15.50644724999998,,,,,,
0.0457829505,0.029018277749999998,-0.02015336925,19.776603,-2.618164499999999,-15.60724725,,,,,,
-0.0433620495,-0.09108072225,0.04586643075,19.566603,-2.7084645000000016,-15.500147249999998,,,,,,
-0.0742530495,0.04697327774999999,0.022493430749999998,19.776603,-2.7210645000000007,-15.269147250000003,,,,,,
-0.026835049499999996,0.055226277750000004,0.00915213075,20.034902999999993,-3.0045645000000007,-15.117947249999986,,,,,,
0.0050324505,-0.02425872225,-0.07868456925,20.106302999999997,-2.784064500000003,-15.405647249999987,,,,,,
0.07883695049999999,0.04894727775,-0.062283569250000004,19.873202999999997,-2.634964499999999,-15.594647250000008,,,,,,
-0.0694650495,-0.08599872224999999,-0.28526156925,19.598102999999995,-2.5803645000000017,-15.73534724999999,,,,,,
-0.0951900495,-0.011562122250000001,0.88569843075,18.66990299999999,-2.576164500000001,-15.374147249999993,,,,,,
0.1958909505,0.007810377749999999,-0.11724056925000001,20.910602999999995,-2.6727644999999995,-15.264947250000006,,,,,,
0.1037639505,0.05163527775,-0.71870156925,21.927003000000006,-2.296864499999998,-15.189347249999997,,,,,,
-0.2179770495,0.05220227775,-0.01405076925,20.912702999999993,-2.4270645,-14.975147249999992,,,,,,
-0.2629170495,-0.30880872225,0.40248843074999996,19.398603,-2.756764499999999,-15.330047250000007,,,,,,
0.08120995049999999,0.08496227775000001,-0.14493956924999998,19.585502999999996,-2.9331645,-15.561047250000001,,,,,,
0.5489429505,0.5230012777499999,0.21180843075,19.530902999999995,-2.5803645000000017,-15.498047250000013,,,,,,
-0.0796290495,-0.13795272225,-0.31340156925,20.303703,-2.4606645,-15.388847249999998,,,,,,
-0.4624170495,-0.43774872225000006,0.24498843074999999,20.177702999999994,-2.084764500000002,-15.138947250000001,,,,,,
0.0241529505,-0.12125772224999998,-0.027780569249999998,19.995002999999997,-2.2065645000000025,-15.040247250000021,,,,,,
0.29610295049999996,0.45580127775,-0.08013356925,20.200803,-2.6580644999999983,-15.16204725,,,,,,
0.2459129505,0.28696127774999997,0.01693893075,20.478002999999994,-2.559364500000001,-15.315347250000002,,,,,,
-0.1530030495,-0.30670872225,0.09406143075,20.601903,-2.2716645000000035,-15.004547250000002,,,,,,
-0.3681270495,-0.27583872225,-0.12538856925,20.543102999999995,-2.361964499999999,-14.973047250000008,,,,,,
0.15275695050000002,0.18945827775,-0.034227569250000006,20.062203000000004,-2.3598645000000005,-14.765147249999984,,,,,,
0.0685469505,0.11354327775,0.06863043075,20.381403,-2.397664500000001,-14.891147249999989,,,,,,
-0.0279690495,-0.18509772224999999,0.07558143075,20.436003,-2.1372645000000006,-14.97934724999999,,,,,,
-0.0200415495,-0.05122272225,0.04120443075,20.406603000000004,-1.8852645000000017,-14.94574725000001,,,,,,
-0.012114049499999998,0.20430527775000001,-0.11276756924999999,20.496903000000003,-2.164564500000001,-14.668547249999989,,,,,,
0.11653195049999998,0.033785277749999995,-0.017797169249999998,20.608202999999996,-2.5299644999999984,-14.597147250000006,,,,,,
0.038894950500000004,-0.06310872224999999,0.08263743074999999,20.675402999999996,-2.296864499999998,-14.630747250000013,,,,,,
-0.1918950495,-0.10000572225,-0.032484569250000005,20.530502999999996,-2.0406644999999983,-14.970947249999995,,,,,,
0.0202259505,-0.07992972224999999,-0.05480756925,20.507402999999996,-1.9986645000000003,-14.82814725,,,,,,
0.0810629505,0.09896927775,0.01571043075,20.851803000000004,-2.0616645000000027,-14.483747249999993,,,,,,
-0.046869049499999996,0.11616827774999999,0.07056243074999999,20.706903000000004,-1.830664500000001,-14.469047250000017,,,,,,
-0.0237480495,-0.11968272225,-0.08187656925,20.543102999999995,-1.778164499999999,-14.618147249999993,,,,,,
0.0328469505,-0.08499072224999998,0.07228443075,20.196603000000003,-1.8537645000000005,-14.798747249999991,,,,,,
-0.0888270495,0.06570527775000001,-0.031644569250000004,20.683802999999997,-1.6626645000000018,-14.63494725000001,,,,,,
0.12650695050000002,0.08954027775000001,-0.03939356925,20.704803000000005,-1.736164500000001,-14.145647249999996,,,,,,
0.0831629505,-0.00397062225,0.13431843075,20.42760299999999,-2.0049645,-14.143547249999983,,,,,,
-0.1924410495,0.0007123777499999998,-0.01856576925,20.952602999999996,-1.7508645000000023,-14.42914725,,,,,,
-0.0120069495,-0.13261872225,-0.21096356924999998,21.250802999999998,-1.5114645000000024,-14.794547249999994,,,,,,
0.0414359505,-0.08608272225,-0.05178356925,20.977802999999994,-1.1901645000000016,-14.559347250000002,,,,,,
0.1964159505,0.22249127775,-0.00850046925,20.629203000000004,-1.5576645000000013,-14.322047249999997,,,,,,
-0.07017904950000001,-0.01524132225,0.00190713075,20.047502999999992,-1.5366645000000005,-14.26534724999999,,,,,,
-0.38807704950000005,-0.17739072224999997,0.19101843075,20.452802999999996,-1.641664500000001,-14.061647249999993,,,,,,
0.3307529505,0.30964127774999994,-0.00876716925,20.908502999999996,-0.9381644999999992,-14.311547250000018,,,,,,
0.20315695050000002,-0.0052159222499999994,-0.18517556924999998,20.902203000000007,-0.7533645,-14.597147250000006,,,,,,
-0.2574570495,-0.27520872225,0.047672430749999994,20.57250299999999,-0.9738645000000012,-14.353547249999991,,,,,,
0.1640129505,0.09626027775,0.01961643075,20.864403000000003,-1.2006644999999985,-13.887347250000005,,,,,,
0.0216539505,0.22144127775,0.07835343075,20.444403,-1.5114645000000024,-13.393847249999993,,,,,,
-0.0795030495,-0.09582672224999998,0.046979430749999995,20.396102999999997,-1.1544644999999996,-13.524047249999995,,,,,,
-0.10863004949999999,-0.25210872225000003,-0.07988156924999999,20.730002999999996,-0.8478645,-14.187647249999998,,,,,,
-0.008657449499999999,-0.035052722249999994,0.03372843074999999,20.807702999999997,-0.6378645000000027,-14.460647249999994,,,,,,
0.1517909505,0.29410127774999995,0.043052430749999995,20.797203000000003,-0.6924644999999998,-13.878947249999982,,,,,,
-0.1199910495,0.09420227775000001,-0.07721456925,20.872802999999998,-0.9066645000000015,-13.395947250000006,,,,,,
0.0099905505,-0.26239872225,0.01986843075,20.977802999999994,-0.7785645000000017,-13.40434725,,,,,,
0.2123129505,-0.07925772225,-0.06923456925,21.215102999999992,-0.6378645000000027,-13.681547249999994,,,,,,
-0.21776704949999998,0.14416127774999998,-0.09325856924999999,20.767802999999994,-0.4992644999999989,-13.86634724999999,,,,,,
-0.1476900495,-0.15002772225,-0.01375046925,20.517902999999997,-0.5496645000000022,-13.689947249999989,,,,,,
0.1773689505,0.019790877749999998,0.08960943075,19.929902999999996,-0.4887644999999985,-13.694147249999986,,,,,,
-0.11167504950000001,0.06079127774999999,0.025979430749999997,20.156703,-0.07086450000000255,-13.815947249999994,,,,,,
-0.1887870495,0.01398647775,0.08557743074999999,20.461202999999998,-0.10656450000000106,-13.855847249999982,,,,,,
0.3135329505,0.14521127774999998,-0.022494869249999997,20.916903000000005,-0.093964500000002,-13.475747250000012,,,,,,
0.21189295049999998,-0.01476462225,-0.05617256925,20.849703000000005,0.23573550000000054,-13.177547250000003,,,,,,
-0.2870670495,-0.20170872224999997,0.024215430750000003,20.341503000000003,-0.20526450000000196,-13.13974725,,,,,,
-0.1815420495,0.022109277749999996,-0.04789856925,20.547303000000007,-0.25146450000000087,-13.284647250000006,,,,,,
0.26124295049999996,0.13023827775000002,0.07541343075,20.652303000000003,-0.06456449999999947,-13.637447250000008,,,,,,
0.1547309505,0.02490227775,-0.07935656925,20.923202999999994,0.3365355000000001,-13.769747249999995,,,,,,
-0.24611704949999996,-0.11493672224999998,0.03555543075,20.902203000000007,0.6410354999999974,-13.446347250000002,,,,,,
-0.1934700495,-0.10567572224999998,-0.09109556925,20.547303000000007,0.794335499999999,-13.154447250000004,,,,,,
0.29883295049999997,0.16873127775000002,0.15718743075,20.482203000000005,0.3134354999999971,-12.732347250000004,,,,,,
0.1355159505,0.08130827775,-0.01099316925,21.187802999999995,0.20423549999999935,-12.866747250000003,,,,,,
-0.18055504949999998,-0.04072272225,-0.04590356925,21.496503000000004,0.5759354999999999,-13.215347250000008,,,,,,
-0.0371880495,0.02826227775,0.05267043074999999,21.378903,0.617935499999998,-13.097747249999998,,,,,,
-0.06434104950000001,-0.10361772224999999,-0.03723056925,21.614103,0.5612354999999987,-13.095647249999985,,,,,,
-0.0345840495,-0.14912472224999998,-0.00926906925,21.166803,0.7082355000000007,-12.90034725000001,,,,,,
0.07220095049999999,0.07580627775,-0.09187256925,21.129002999999997,0.9896354999999986,-12.774347250000005,,,,,,
-0.11360704950000002,0.007566777749999999,0.10195743075,21.116403,0.7292354999999979,-12.763847249999998,,,,,,
0.07220095049999999,-0.06354972225,-0.00961136925,20.828702999999997,1.0568354999999983,-13.047347250000001,,,,,,
0.1530719505,0.08483627775,0.01159023075,20.841302999999996,1.218535499999998,-13.410647249999982,,,,,,
-0.0810570495,0.06001427775,0.02835243075,21.129002999999997,1.2122354999999985,-13.158647250000001,,,,,,
-0.1138170495,-0.22900872225,-0.02530256925,21.234003,1.1702354999999969,-12.705047250000007,,,,,,
0.043325950499999995,0.10293827775,0.06363243075,21.454503000000003,1.5734354999999987,-12.786947249999997,,,,,,
-0.0679110495,0.16398527775,-0.04298456925,21.761103,1.5482355000000005,-12.936047250000001,,,,,,
0.0590339505,-0.059412722249999994,-0.00254486925,21.624603,1.5251354999999975,-13.06414724999999,,,,,,
0.11285695049999998,-0.01050372225,-0.00110006925,21.549003,1.7834354999999995,-12.889847250000003,,,,,,
-0.0812040495,-0.07835472224999998,-0.00227186925,21.408302999999997,1.7435355000000001,-12.85834724999998,,,,,,
-0.16203304949999997,-0.038370722249999996,-0.0004217692500000001,21.391503,1.7582355000000014,-12.927647250000007,,,,,,
-0.0259950495,0.038720277750000004,-0.013865969249999999,21.420902999999996,1.9745354999999982,-12.889847250000003,,,,,,
0.2379329505,0.00900737775,-0.020277269249999997,21.423002999999994,2.1278354999999998,-12.946547250000009,,,,,,
0.2160929505,0.18462827775,0.026777430749999998,21.614103,2.075335499999998,-12.936047250000001,,,,,,
-0.16520404949999998,-0.07665372224999999,-0.05692856925,21.765302999999996,2.140435499999999,-12.990647249999995,,,,,,
-0.1417470495,-0.12459672224999999,-0.006719669249999999,21.654003000000003,2.2307355000000015,-12.837347250000022,,,,,,
-0.0295230495,0.12710927775,-0.014367869249999998,21.494403000000005,2.423935499999999,-12.835247250000009,,,,,,
0.057878950500000005,-0.051810722249999996,-0.004600769249999999,21.473402999999998,2.3777354999999964,-12.581147250000015,,,,,,
0.1839839505,-0.03950472225,0.00844863075,21.672902999999998,2.6654354999999974,-12.763847249999998,,,,,,
-0.12954604949999998,0.029501277749999995,0.01333743075,21.593103,2.6213355000000007,-12.726047249999993,,,,,,
-0.16934104949999998,-0.04656072225,0.03811743074999999,21.441903000000003,2.8649355000000014,-12.597947249999976,,,,,,
0.1283339505,0.055919277749999996,-0.015963869250000002,21.488102999999995,2.974135499999999,-12.555947250000003,,,,,,
0.1345709505,0.00043727774999999984,0.03379143075,21.731703000000003,3.0056355000000003,-12.698747249999997,,,,,,
0.07457395049999999,0.061232277749999994,0.01300353075,21.941703000000004,2.9531354999999984,-12.639947250000006,,,,,,
-0.1994130495,0.08546627775,-0.01738136925,21.752702999999997,2.982535500000001,-12.545447249999995,,,,,,
-0.1695510495,-0.26911872225,-0.08773556924999999,21.80520299999999,3.213535499999999,-12.440447249999977,,,,,,
0.1319459505,-0.06970272225,0.01675203075,21.790502999999994,3.0812354999999982,-12.589547249999981,,,,,,
0.06419995049999999,0.20012627775,0.05750043075,21.717003000000005,3.2807355000000022,-12.747047250000008,,,,,,
0.0232079505,-0.02797572225,0.013795230749999998,21.857702999999994,3.6272354999999976,-12.740747249999998,,,,,,
0.0201587505,-0.01628712225,0.02327043075,21.746403,3.5327354999999976,-12.67144725,,,,,,
-0.07902004950000001,0.12857927775,-0.025365569249999997,21.971103,3.6356354999999994,-12.392147249999994,,,,,,
0.0350309505,0.02872427775,-0.02563856925,22.017303000000005,3.7889354999999973,-12.098147249999982,,,,,,
-0.0174522495,-0.07249572224999999,0.01485993075,21.914403,3.753235499999999,-12.442547250000018,,,,,,
-0.05432404949999999,-0.13730172224999998,0.21201843074999996,21.769503,3.4487355000000015,-12.53704725,,,,,,
-0.0013578495,-0.14484072225,-0.19764956925,22.489803000000002,3.8666354999999974,-12.457247249999995,,,,,,
-0.041136049499999994,0.053735277750000005,-0.20035856924999998,21.845102999999995,3.998935499999998,-12.64204724999999,,,,,,
0.1157339505,0.22207127775,0.07285143075,21.681303,4.0262354999999985,-12.581147250000015,,,,,,
0.08637595049999999,0.12232127775,0.033602430749999995,21.511203000000002,3.906535499999997,-12.58324725,,,,,,
-0.35930704950000003,-0.29956872225000003,0.0004749307500000002,21.423002999999994,4.0136354999999995,-12.446747250000016,,,,,,
0.1438319505,0.00614087775,0.18095943074999998,21.750602999999998,4.488235500000002,-12.186347250000011,,,,,,
0.3654029505,0.35311127774999995,-0.02603756925,22.050902999999998,4.553335499999999,-12.12544724999998,,,,,,
-0.0377340495,0.012810477749999999,-0.0026561692499999998,22.185302999999998,4.538635499999998,-12.264047250000004,,,,,,
-0.10961704950000001,-0.29095872224999997,0.0008592307499999999,22.370102999999993,4.5302355,-12.333347250000003,,,,,,
-0.2088420495,-0.11598672224999998,-0.06110756925000001,22.334403000000002,4.599535499999998,-12.072947249999999,,,,,,
0.032951950499999993,0.28234127775,0.01988943075,21.874503000000004,4.3139354999999995,-11.760047250000014,,,,,,
0.2734229505,0.023642277749999996,-0.10285556925,21.765302999999996,4.561735500000001,-12.03304725000001,,,,,,
-0.1599330495,-0.24139872224999998,0.14397843074999997,21.515402999999992,5.011135499999998,-12.341747249999997,,,,,,
-0.08282104950000001,-0.044523722249999995,0.07889943075,21.534303,5.227435499999999,-12.152747250000004,,,,,,
0.1523369505,0.28549127774999994,-0.00670496925,21.899703000000002,4.948135499999999,-11.808347249999997,,,,,,
-0.021091549499999997,0.15254027775,-0.13546856925,21.985802999999997,5.1413355,-11.768447250000008,,,,,,
-0.0972690495,-0.31489872225,0.06978543075,22.149603000000006,5.044735499999998,-11.865047250000003,,,,,,
-0.0055914495,-0.10592772225,-0.04674356925,22.011002999999995,4.868335499999997,-12.024647250000015,,,,,,
-0.0480450495,0.09968327775000001,-0.045147569250000005,21.759003,5.015335499999999,-11.825147249999986,,,,,,
0.031124950499999998,0.04294127774999999,0.07016343074999999,21.045002999999994,5.1917355,-11.999447250000003,,,,,,
0.1470029505,0.18479627775,-0.01691726925,21.177303000000002,5.4731355000000015,-12.13804725,,,,,,
-0.1176600495,-0.18289272224999997,-0.08049056925,21.345302999999994,5.578135499999998,-12.037247250000007,,,,,,
-0.13143604949999999,-0.30439872225,0.24372843074999997,21.124803000000007,5.754535499999999,-11.707547250000005,,,,,,
0.1212779505,0.23950127775,-0.05942756925,21.576303000000003,5.662135499999998,-11.508047250000004,,,,,,
0.0588659505,0.28276127775,-0.15621656925,21.597303000000004,5.645335499999998,-11.627747249999999,,,,,,
-0.09968404950000001,-0.13289172224999998,0.00580683075,21.433503,5.487835499999999,-11.642447250000004,,,,,,
-0.026184049499999997,-0.11455872225,-0.39425156925,21.446103,5.634835499999998,-11.564747249999982,,,,,,
0.15533995050000002,-0.13784772225,0.9245484307499999,19.965602999999994,5.7755355,-11.59834724999999,,,,,,
0.08440195049999999,0.13504727775,-0.05407256925,22.158002999999994,5.865835499999999,-11.627747249999999,,,,,,
-0.16730404949999997,0.19911827775,-0.43163156925,24.071103,6.3425355,-11.522747250000009,,,,,,
0.09296995049999998,-0.05231472225,-0.18880856925,23.231102999999997,6.363535499999998,-11.15944725,,,,,,
-0.24569704949999996,-0.36907872225,-0.055878569249999996,21.515402999999992,5.746135499999998,-11.079647249999994,,,,,,
-0.1490340495,-0.006797222249999999,0.28320843075,20.478002999999994,5.3534355,-11.340047249999998,,,,,,
0.5825429505,0.5196412777499999,0.19045143074999998,20.778302999999994,5.767135499999998,-11.883947250000006,,,,,,
-0.0715230495,-0.0004048222500000002,-0.07158656925000001,22.02780299999999,6.485335499999998,-11.673947249999998,,,,,,
-0.3716970495,-0.47848872225000005,-0.19153856924999998,22.338603,6.9830355,-11.220347250000003,,,,,,
0.0980099505,-0.07266372224999999,0.18908643075,21.093303,6.9494355,-10.878047250000009,,,,,,
-0.0881970495,0.33904127775,-0.12146156924999998,21.483902999999998,6.1535355,-11.039747250000005,,,,,,
0.26649295049999994,0.11984327775,0.01986843075,21.958503,5.901535499999998,-11.398847250000017,,,,,,
0.2062649505,-0.11640672224999998,0.047798430749999996,21.840902999999997,6.413935499999997,-11.390447249999994,,,,,,
-0.19603204949999997,-0.03786672225,-0.00400856925,20.895902999999997,6.5882355,-11.361047249999984,,,,,,
-0.17851804949999997,-0.04034472225,0.07346043075,20.746803,6.825535500000001,-11.24764725,,,,,,
-0.1843140495,-0.10928772225,-0.02675156925,21.429303000000004,6.8108355,-11.503847250000007,,,,,,
0.0061811505,0.09243827775,0.025055430750000003,21.368403,7.039735500000003,-11.363147249999997,,,,,,
0.2503229505,-0.032721722249999995,0.01774953075,21.334803000000008,6.827635499999996,-11.325347249999993,,,,,,
0.0084911505,0.11902427775,0.01220763075,21.072303000000005,7.1972355000000015,-11.21824724999999,,,,,,
-0.008793949499999999,-0.11394972225,-0.11831156925000001,21.423002999999994,7.117435499999996,-11.079647249999994,,,,,,
0.11472595049999999,-0.05216772225,0.02278743075,20.919003000000004,6.892735499999997,-11.092247249999986,,,,,,
-0.31520704950000006,0.19433027774999997,0.024824430749999998,21.091203,7.035535499999998,-11.216147250000006,,,,,,
-0.0910740495,-0.08885472224999999,-0.02393756925,20.839203000000005,7.556335499999996,-11.403047249999986,,,,,,
0.2780429505,-0.05386872225,-0.032589569250000006,21.118502999999997,7.253935499999997,-11.541647249999983,,,,,,
0.06493495049999999,0.05211827774999999,0.01873443075,20.78250299999999,7.3400354999999955,-11.262347250000005,,,,,,
-0.018315349499999998,-0.02631672225,0.04601343075,20.307902999999996,7.438735499999996,-11.344247249999995,,,,,,
-0.0929430495,0.013805877749999999,-0.02696156925,20.557802999999993,7.495435499999999,-11.457647250000008,,,,,,
-0.0784530495,0.11629427775000001,0.01782303075,20.310002999999995,7.730635499999998,-11.405147249999999,,,,,,
0.09897595049999999,-0.19072572224999998,-0.04258556925,20.469603000000006,8.028835499999996,-11.207747250000011,,,,,,
0.10630495049999998,0.00405557775,-0.03737756925,20.209203000000002,7.7810355000000015,-11.064947249999989,,,,,,
-0.0431100495,0.17990327774999998,0.04754643075,20.303703,7.8671355,-11.220347250000003,,,,,,
-0.0421440495,-0.01690242225,-0.03334556925,20.293203,8.049835499999997,-11.44084724999999,,,,,,
-0.08269504949999999,-0.04275972225,0.06375843075,20.049603000000005,8.345935500000003,-11.66974725,,,,,,
0.0733769505,-0.04572072225,-0.04586156925,19.929902999999996,8.129635500000003,-11.302247249999994,,,,,,
0.10632595049999999,0.00394427775,-0.03267356925,19.871102999999998,8.131735499999998,-10.777247249999988,,,,,,
-0.1253040495,0.05533127775,0.06533343074999999,20.079003,8.173735499999996,-10.789847250000008,,,,,,
-0.0164631495,0.04247927775,-0.04878056925,19.992903,8.436235499999995,-11.245547249999987,,,,,,
0.1079009505,-0.12507972225,-0.09344756925,19.906803000000004,8.503435500000002,-11.575247250000018,,,,,,
-0.0560670495,-0.04334772225,0.06695043075,19.680002999999992,8.705035499999997,-11.298047249999996,,,,,,
-0.0297120495,0.02126927775,0.042317430749999996,19.281003,8.587435499999998,-11.119547249999982,,,,,,
0.06428395049999999,0.13592927775000002,-0.02614256925,19.358703,8.621035500000001,-10.817147250000005,,,,,,
0.0108809505,0.07563827775000001,0.048533430749999995,18.982802999999997,8.828935499999996,-10.689047250000016,,,,,,
-0.028536049499999997,-0.22039872224999998,0.005449830750000001,19.369203,9.303535500000002,-10.932647250000002,,,,,,
-0.17459104949999998,-0.00023052225000000013,-0.07295156925,19.085702999999995,9.248935499999998,-11.41144724999998,,,,,,
0.0782909505,0.08158127775,0.07994943075,18.827402999999997,9.297235500000003,-11.37574724999999,,,,,,
0.1516649505,-0.01019502225,0.01832073075,18.619503,8.856235499999997,-11.155247250000002,,,,,,
0.0335399505,-0.02497272225,0.013169430749999999,18.911403,9.078835499999997,-11.226647249999985,,,,,,
-0.1515330495,-0.05019372225,-0.06066656925,19.083602999999997,9.526135499999995,-10.999847250000016,,,,,,
-0.24107704949999997,-0.010573022250000001,-0.00218576925,18.930302999999995,9.626935499999998,-10.71424725,,,,,,
0.2000489505,0.07857827775,-0.010216169249999999,18.550202999999996,9.498835499999998,-10.848647249999999,,,,,,
0.3918629505,0.14330027774999998,0.00042243075000000015,18.042003,9.853735499999996,-11.15944725,,,,,,
-0.2824470495,-0.06924072224999998,0.045446430749999996,18.140702999999995,10.202335499999997,-11.428247249999998,,,,,,
-0.3821970495,-0.33862872225,-0.007771769249999999,18.285602999999995,10.160335499999999,-11.533247249999988,,,,,,
0.25452295049999996,0.16562327775,0.005756430750000001,18.176403,9.988135499999999,-11.138447250000013,,,,,,
0.3259229505,0.38272127775,-0.03909956925,18.226803000000004,10.334635500000001,-10.74364725000001,,,,,,
-0.0852150495,-0.22942872224999997,-0.05411456925,18.132303000000007,10.2569355,-10.531547250000017,,,,,,
-0.19907704949999996,-0.21367872224999998,-0.00481496925,17.668203,10.3682355,-10.710047250000002,,,,,,
-0.0604140495,0.20382227775,0.12392343075000001,17.191503000000004,10.412335499999998,-10.947347250000007,,,,,,
0.2251229505,0.060077277750000005,-0.02553356925,17.317502999999995,11.162035500000002,-11.409347249999996,,,,,,
0.0150305505,0.0058552777499999995,-0.013555169249999999,17.412003000000006,10.949935499999995,-11.258147249999979,,,,,,
-0.2259570495,-0.03725772225,0.042947430749999994,17.130602999999994,11.015035499999996,-11.21824724999999,,,,,,
0.06249895049999999,-0.20028072225,-0.00334706925,17.115902999999996,10.8932355,-10.92004725000001,,,,,,
0.031124950499999998,0.12534527775,-0.04854956925,17.120102999999993,11.107435499999998,-10.680647249999993,,,,,,
-0.0353190495,0.12521927775,-0.060813569250000005,17.164203,11.094835499999995,-10.775147250000003,,,,,,
0.1732529505,-0.00595092225,0.01606533075,16.553103,11.668135499999998,-10.934747249999987,,,,,,
-0.0006396494999999999,0.12122927775,0.024677430749999996,16.315802999999995,11.852935499999997,-11.004047250000013,,,,,,
-0.1352160495,-0.38083872225000004,0.02820543075,16.429203,12.146935500000001,-11.020847250000003,,,,,,
0.0142955505,-0.044712722249999996,-0.03496256925,16.471203000000003,11.995735499999999,-10.66804725,,,,,,
-0.10008304950000001,0.27058127774999996,-0.0011021692500000002,16.278003,11.729035499999998,-10.689047250000016,,,,,,
0.0304109505,-0.04005072225,0.0037782307499999996,16.040703,11.8697355,-11.079647249999994,,,,,,
0.07715695049999999,-0.07161372225,-0.09508556925,15.849603000000002,12.529135499999999,-10.882247250000006,,,,,,
0.12115195049999998,0.07421027775,-0.13582556925,15.003302999999995,12.533335500000003,-10.848647249999999,,,,,,
0.0565139505,-0.028878722250000002,1.1227884307499998,14.608502999999999,12.478735499999996,-10.508447249999989,,,,,,
-0.2454870495,-0.028605722250000003,-1.04231156925,17.802602999999998,12.3170355,-10.537847249999999,,,,,,
-0.0478140495,0.23971127775,-0.32411156925,16.616103000000003,13.075135499999998,-10.659647250000006,,,,,,
0.0411209505,-0.13232472225,0.36447843075,15.055802999999997,12.8504355,-10.863347249999975,,,,,,
-0.2685870495,-0.5561887222499999,0.12971943075,13.865102999999998,12.619435499999998,-11.13634725,,,,,,
0.3759029505,0.46630127774999997,-0.012811769249999999,14.852103,12.600535499999996,-11.035547250000008,,,,,,
0.40173295049999996,0.53623127775,-0.15266756925,15.341403,13.146535499999995,-10.560947249999998,,,,,,
-0.4735470495,-0.53035872225,-0.03137156925,14.631602999999998,13.453135499999998,-10.481147249999992,,,,,,
-0.3555270495,-0.37159872225,0.18343743075,14.398502999999998,13.696735499999999,-10.735247250000015,,,,,,
0.1855169505,0.20144927775,-0.11982356925000001,13.791603000000002,13.442635499999998,-11.060747249999991,,,,,,
0.47250295049999996,0.52468127775,-0.16587656925,14.906703,13.226335499999994,-11.020847250000003,,,,,,
0.1580069505,0.055184277749999996,0.25296843075,13.558503000000002,13.5518355,-10.985147250000011,,,,,,
-0.5777070495,-0.49297872225,0.01496283075,13.443002999999997,13.6064355,-10.565147249999995,,,,,,
-0.1053330495,-0.08448672225,-0.14884556925,13.638303,13.766035500000005,-10.25644724999998,,,,,,
0.2587229505,0.33463127774999996,0.05273343075,13.298102999999998,13.7408355,-10.502147250000007,,,,,,
0.0269879505,-0.03463272225,0.04966743075,13.424103000000002,13.782835500000001,-10.886447250000003,,,,,,
0.0553589505,-0.14595372225,0.02810043075,12.682803,14.171335499999994,-11.146847250000008,,,,,,
-0.00042964949999999995,0.16283027775,-0.07866356925000001,13.224602999999995,14.0516355,-10.901147250000008,,,,,,
-0.07341304950000001,0.00470867775,-0.11289356925,13.209902999999997,14.1293355,-10.49164725,,,,,,
-0.0219840495,-0.10599072224999999,0.09689643075,12.582003,14.060035499999994,-10.115747249999998,,,,,,
-0.011620549499999999,-0.00607692225,0.038327430749999995,12.386703000000004,13.868935499999996,-10.279547250000007,,,,,,
0.0051773505,-0.08219772225,0.00821343075,12.227103,14.381335499999995,-10.565147249999995,,,,,,
-0.0960720495,-0.07696872224999998,-0.04619756925,12.506402999999999,14.6858355,-10.636547250000007,,,,,,
0.07409095049999999,0.26848127774999997,-0.01596596925,12.057002999999995,14.469535500000003,-10.430747249999996,,,,,,
0.1828079505,0.03523427775,0.04181343074999999,11.725203,14.215435500000002,-10.487447250000002,,,,,,
-0.12981904949999998,-0.29725872225,0.02446743075,11.590803000000001,14.456935499999997,-10.607147249999997,,,,,,
-0.17746804949999997,0.11915027774999999,0.04882743075,11.739902999999998,14.868535500000004,-10.60924725000001,,,,,,
0.1752689505,0.13133027775,-0.09582056925,11.790303000000002,14.666935499999997,-10.340447249999983,,,,,,
0.13473895049999998,-0.09731772224999999,-0.0033449692499999996,10.906202999999998,14.7866355,-10.182947249999984,,,,,,
-0.18011404949999998,-0.03774072225,0.27501843075,11.124603,14.536735499999995,-10.323647249999993,,,,,,
-0.2950470495,0.01215107775,-0.13731656925,11.412303000000001,14.765635499999998,-10.810847249999995,,,,,,
0.1905779505,-0.12852372225,-0.30584156925,11.130902999999996,15.1184355,-10.871747249999999,,,,,,
0.32529295049999996,0.16629527775,-0.06637856925,10.534503,15.2402355,-10.371947250000005,,,,,,
-0.032694049499999996,0.11417327775000001,0.12833343075,10.047303,15.2633355,-10.353047250000003,,,,,,
-0.5149170495,-0.33883872225,0.15275643075,9.755403000000001,15.005035499999995,-10.308947249999989,,,,,,
0.2051099505,0.26281127774999996,0.09704343074999999,9.936003,15.011335499999998,-10.210247250000009,,,,,,
0.5821229505,0.28906127774999996,-0.041913569250000005,10.269903,15.3410355,-10.607147249999997,,,,,,
-0.20289904949999998,-0.43438872225,-0.03706256925,10.278303000000001,15.786235499999993,-10.642847249999988,,,,,,
-0.4785870495,-0.11443272225,-0.031203569249999997,10.574402999999997,15.601435499999997,-10.72054725000001,,,,,,
0.10649395049999999,0.33547127774999996,-0.14380556925,9.948602999999999,15.1289355,-10.220747249999988,,,,,,
0.2774129505,0.33715127775,0.00014103074999999993,9.117002999999997,14.8307355,-9.762947249999996,,,,,,
-0.0562560495,-0.40561872225,0.14030343074999999,8.726402999999998,15.1079355,-10.06324724999999,,,,,,
-0.2902170495,-0.54064872225,-0.03605456925,8.741103000000003,15.773635499999994,-10.917947249999997,,,,,,
0.2849729505,0.40897127775,0.06720243074999999,8.646602999999999,16.4204355,-10.777247249999988,,,,,,
0.09055495049999998,0.4885612777499999,0.0002964307499999999,8.644503,15.935335499999997,-10.48534724999999,,,,,,
-0.21650704949999997,-0.11877972225,-0.02610056925,8.892302999999998,15.492235500000003,-9.76504725000001,,,,,,
0.0223679505,-0.57172872225,-0.00954416925,9.077103000000001,15.7085355,-9.798647250000016,,,,,,
-0.1226370495,0.10037627774999999,-0.03185456925,8.682302999999997,15.758935499999996,-10.13464725,,,,,,
0.11842195049999998,0.32287127774999996,-0.03813356925,7.836002999999998,15.7316355,-10.17454724999999,,,,,,
0.1563899505,-0.18188472225,0.04322043075,7.195502999999995,16.4645355,-10.460147250000006,,,,,,
-0.1996860495,0.04224827774999999,0.059453430749999994,7.122002999999999,16.613635499999997,-10.665947249999988,,,,,,
-0.22196704949999996,-0.08870772225,0.009696030750000001,7.038002999999996,16.1096355,-10.777247249999988,,,,,,
0.1393799505,-0.00996192225,0.10714443074999998,7.260602999999996,16.015135499999996,-10.338347249999998,,,,,,
0.32508295049999997,0.08760827775,-0.06765956925000001,7.640702999999995,16.512835499999998,-9.874247249999996,,,,,,
-0.1403190495,0.13513127775,-0.10877756925000001,6.991802999999997,16.468735499999998,-10.090547249999986,,,,,,
-0.2492670495,-0.10389072225,0.06394743074999999,6.613802999999997,16.502335499999997,-10.18714725000001,,,,,,
0.12098395049999998,-0.05932872225,-0.08248556925,6.876303,16.796335499999994,-10.329947250000004,,,,,,
0.1089509505,0.033848277749999996,0.040742430749999996,7.046402999999998,16.594735500000002,-10.495847249999997,,,,,,
0.1014329505,-0.08160972224999999,0.06907143075,7.012802999999998,17.052535499999994,-10.62604725,,,,,,
-0.2314170495,-0.02688372225,-0.006753269249999999,6.485703000000001,16.882435499999996,-10.40974725000001,,,,,,
0.0284999505,0.24685127775000001,0.04716843074999999,6.361802999999995,16.9979355,-9.979247250000014,,,,,,
0.35910295049999996,0.03021527775,0.013639830750000002,7.067402999999999,16.7417355,-9.550847249999975,,,,,,
-0.2574570495,-0.30964872225,-0.14449856925,7.464302999999994,16.7522355,-9.760847249999983,,,,,,
-0.0275700495,0.03101327775,0.00631713075,6.5928030000000035,17.071435499999996,-10.367747250000008,,,,,,
0.1195979505,0.23635127775,0.03811743074999999,6.048903000000003,16.937035499999997,-10.424447250000014,,,,,,
-0.21776704949999998,0.08508827775000001,0.026630430749999996,6.212702999999998,17.079835499999998,-10.273247249999997,,,,,,
-0.0757650495,-0.15775572225,0.02511843075,5.872503000000002,17.294035499999996,-10.193447249999991,,,,,,
0.09296995049999998,-0.20252772225,-0.01838096925,5.595303000000001,17.3003355,-10.117847250000011,,,,,,
0.0467909505,0.008843577749999998,0.05342643074999999,5.906103000000002,17.105035499999996,-9.84064724999999,,,,,,
0.1703759505,0.17967227775,-0.023874569249999998,5.899802999999999,17.4641355,-10.132547250000016,,,,,,
-0.0051693495,0.028913277749999997,-0.041955569250000005,6.030003000000001,17.5754355,-10.248047250000013,,,,,,
-0.15172204949999998,-0.037068722250000005,-0.025680569249999997,5.528102999999994,17.046235499999998,-10.277447249999994,,,,,,
-0.0814140495,-0.15683172224999997,0.06594243075,5.316003000000002,17.3318355,-10.18084725,,,,,,
-0.1290210495,0.0007963777499999998,-0.06677756925,5.780103000000004,17.972335499999996,-10.40974725000001,,,,,,
-0.0821910495,0.04714127775,0.00514533075,5.6457029999999975,17.751835500000002,-10.455947250000008,,,,,,
0.39795295049999996,-0.00984432225,-0.01978796925,5.093402999999995,17.8106355,-10.508447249999989,,,,,,
0.0543719505,-0.047001722249999996,0.12054243075,4.8036030000000025,17.8757355,-10.182947249999984,,,,,,
-0.28643704950000004,0.08613827775,0.01069563075,5.101802999999997,17.9891355,-10.12834724999999,,,,,,
-0.050082049499999996,0.24538127775,-0.07372856925,5.173203000000001,17.774935499999994,-10.287947249999974,,,,,,
0.0092282505,-0.06606972224999999,-0.09915956925,5.064003,17.8127355,-10.58614725000001,,,,,,
0.1736939505,-0.04078572225,0.034526430749999996,4.612502999999997,18.047935499999998,-10.617647250000005,,,,,,
0.23142295050000003,-0.05277672225,0.08509443075,4.648202999999995,17.7350355,-10.592447249999992,,,,,,
-0.29042704950000003,-0.04290672225,0.07087743075,4.507503,17.695135499999996,-10.455947250000008,,,,,,
-0.0953370495,0.05512127775,-0.08311556925000001,4.406703,17.932435499999993,-10.264847250000003,,,,,,
0.1926779505,-0.09639372225,-0.09661856925,4.383603000000001,18.161335499999996,-10.090547249999986,,,,,,
0.09168895049999999,-0.01490742225,2.3430750000000104e-05,4.272303000000001,18.1235355,-10.035947249999992,,,,,,
-0.0639420495,0.11320727775,0.0006996307500000002,4.018203,17.936635499999998,-10.290047250000015,,,,,,
-0.09138904950000001,-0.019309022250000002,0.08293143075,3.5709030000000013,17.747635499999998,-10.594547250000005,,,,,,
0.0374459505,0.029018277749999998,-0.011824769249999999,3.7116030000000038,18.1130355,-10.483247250000005,,,,,,
-0.0797340495,0.010252677749999998,-0.00337436925,4.062303,18.1760355,-10.590347250000008,,,,,,
0.11844295049999998,0.09768827775000001,-0.04050656925,3.978302999999997,17.9912355,-10.281647249999992,,,,,,
0.0499199505,0.06637727775,-0.03229556925,3.8481029999999947,17.562835499999995,-9.979247250000014,,,,,,
-0.3032370495,-0.35815872225,-0.00958406925,3.7200029999999984,17.7560355,-9.855347249999994,,,,,,
0.0065927505,-0.16407672225,0.026777430749999998,3.6150030000000015,17.850535499999996,-10.264847250000003,,,,,,
0.27174295049999997,0.27793127775,0.02984343075,3.3462030000000027,17.4452355,-10.563047250000011,,,,,,
0.0347579505,0.09642827775,-0.028011569249999996,3.2307029999999983,17.8904355,-11.004047250000013,,,,,,
-0.1377780495,-0.14064072225,0.03223743075,3.344103000000004,18.0458355,-10.647047249999986,,,,,,
0.0515159505,-0.044565722249999995,0.00627513075,3.4827030000000008,17.982835499999997,-9.714647250000013,,,,,,
0.0028148504999999996,0.14443427775,-0.019636769249999998,3.3399029999999996,17.783335500000003,-9.716747249999997,,,,,,
-0.1130610495,0.020345277749999998,-0.11835356925,3.0984029999999976,17.606935500000002,-10.248047250000013,,,,,,
-0.06066604949999999,-0.20263272224999998,0.24960843075,2.737203000000001,17.7560355,-10.705847249999977,,,,,,
0.0430319505,0.06557927775000001,0.19383243074999998,3.377703000000004,17.4221355,-10.943147249999981,,,,,,
0.11285695049999998,0.11696627775,-0.52046156925,3.449103000000001,17.3570355,-10.821347250000002,,,,,,
-0.0106965495,-0.17220372225,-0.22163156925,2.567102999999996,17.2982355,-10.512647249999986,,,,,,
0.0002885505000000001,0.17360327775,0.30021843075,2.0274029999999996,17.428435500000003,-10.70794724999999,,,,,,
-0.13931104949999998,-0.03072672225,0.15546543075,2.1597030000000004,17.163835499999994,-10.823447250000015,,,,,,
-0.18416704949999999,-0.18765972225,-0.06180056925,2.168102999999995,17.197435499999994,-10.239647250000019,,,,,,
0.34839295049999996,0.38545127774999993,-0.05235056925,2.300403000000003,17.596435499999995,-10.067447249999987,,,,,,
0.1395479505,-0.10258872224999999,0.01705233075,2.3214030000000037,17.6573355,-10.399247250000002,,,,,,
-0.1358880495,-0.26323872225,0.08582943074999999,2.168102999999995,17.304535500000004,-10.752047250000004,,,,,,
-0.1208940495,0.11163227775000001,-0.11587556924999999,2.3697030000000012,16.895035499999995,-10.598747250000002,,,,,,
0.0438509505,0.30670127774999995,-0.03452156925,1.9245030000000014,16.0970355,-10.27534725000001,,,,,,
0.2851829505,-0.01415772225,0.11573343074999999,1.9833029999999994,16.491835499999997,-9.966647249999994,,,,,,
-0.1071810495,-0.42808872225,-0.06602156925,1.5129030000000014,17.529235500000002,-10.277447249999994,,,,,,
-0.17782504949999997,-0.12665472225,-0.07542956925,1.7040030000000002,17.4788355,-10.695347249999998,,,,,,
0.0533219505,0.34933127774999995,0.02026743075,1.7565030000000021,16.7081355,-10.672247249999998,,,,,,
-0.08907904950000001,0.20012627775,0.11025243074999999,1.4121030000000019,16.178935499999998,-10.111547250000001,,,,,,
0.0389999505,-0.15531972225,-0.04174556925,1.4268029999999996,16.227235500000003,-10.035947249999992,,,,,,
0.1888979505,-0.12484872224999999,0.050129430749999995,1.3890030000000024,15.832435499999999,-10.346747249999993,,,,,,
-0.032799049499999997,0.18219227775,-0.08664356925,1.567503000000002,16.038235500000003,-10.483247250000005,,,,,,
-0.2725770495,-0.31237872225,-0.09447656925,1.4667030000000025,16.271335499999996,-10.405547250000012,,,,,,
0.06768595049999998,0.08975027775000001,0.01904943075,0.5175029999999978,16.3091355,-10.088447250000002,,,,,,
0.21021295049999997,0.28129127774999996,0.16823343075,0.28860300000000194,15.538435500000002,-10.227047249999998,,,,,,
-0.1748430495,-0.26386872224999997,0.09231843075,0.42720299999999867,15.450235499999994,-10.70794724999999,,,,,,
0.0172166505,-0.15872172224999997,-0.032946569249999995,1.4583030000000008,15.8975355,-10.27534725000001,,,,,,
0.0805379505,0.23509127775,-0.19743956924999997,1.0572030000000012,15.599335499999999,-9.998147249999988,,,,,,
-0.1826550495,0.13819727774999999,0.006434730749999999,0.22560299999999955,15.183535500000001,-10.254347249999995,,,,,,
-0.0619890495,-0.15011172225,0.11678343075,0.16890300000000025,14.889535499999997,-10.518947249999997,,,,,,
0.1635089505,-0.19971372224999998,-0.08332556925000001,1.1160029999999992,15.160435500000002,-10.563047250000011,,,,,,
0.1607579505,0.15077627775000002,0.00514323075,0.8934029999999993,14.977735499999998,-10.60294725,,,,,,
-0.0896250495,0.08246327775000001,0.09028143075,0.7590029999999999,15.051235499999994,-10.581947250000013,,,,,,
-0.2217570495,-0.06777072224999998,-0.02610056925,0.7527030000000039,15.051235499999994,-10.430747249999996,,,,,,
0.1828289505,0.15401027775,-0.05396756925000001,0.6897030000000015,14.410735499999998,-10.10524725000002,,,,,,
0.08406595049999999,-0.03708972225,-0.02874656925,1.2651030000000034,14.133535500000004,-9.773447250000004,,,,,,
-0.1570560495,-0.19734072225,-0.0009005692499999998,1.2798030000000011,14.047435499999995,-10.006547250000011,,,,,,
0.0306839505,0.02864027775,0.09903843074999999,0.7149029999999996,14.089435499999997,-10.682747250000006,,,,,,
2.185049999999997e-05,0.19424627775,-0.05260256925,0.6099030000000027,13.931935499999998,-10.644947250000001,,,,,,
0.013787350499999998,-0.03576672225,0.011142930749999998,0.7380029999999991,13.6295355,-10.04644725,,,,,,
-0.0613800495,-0.19085172225,0.03152343075,0.38100299999999976,13.568635499999996,-10.138847249999998,,,,,,
-0.0896250495,-0.030747722249999998,-0.02788556925,0.8871029999999962,12.9512355,-10.319447249999996,,,,,,
0.2832929505,0.19420427775000002,-0.01785386925,1.0740030000000047,13.014235500000002,-10.531547250000017,,,,,,
0.1242809505,-0.00968052225,0.00928233075,0.9060029999999983,13.392235500000002,-10.430747249999996,,,,,,
-0.2316270495,-0.00568002225,0.00980733075,0.9228030000000018,12.989035499999996,-10.231247249999996,,,,,,
-0.2107950495,-0.06357072225,-0.00464696925,0.908102999999997,12.5396355,-10.18084725,,,,,,
0.06995395049999999,-0.02362872225,-0.06461456925,1.1286029999999982,12.634135499999996,-10.235447249999993,,,,,,
0.10928695049999998,-0.15034272225,0.040826430749999996,1.0950029999999984,12.611035500000003,-10.185047249999997,,,,,,
-0.057075049499999995,0.14281727775,0.05689143074999999,0.7233030000000014,12.2939355,-10.567247250000008,,,,,,
0.054539950499999997,0.13826027775000002,0.04368243075,0.5322029999999955,12.1826355,-10.752047250000004,,,,,,
0.0608819505,-0.10584372225,0.027386430750000003,0.6036029999999997,12.123835499999995,-10.460147250000006,,,,,,
-0.1551660495,-0.062289722250000006,-0.07011656925,0.7590029999999999,11.829835499999998,-10.218647250000004,,,,,,
0.0410159505,0.07775927775000001,-0.07597556925,0.8808030000000002,11.668135499999998,-10.340447249999983,,,,,,
-0.021507349499999998,-0.07791372224999998,-0.04749956925,0.8829029999999989,11.502235500000001,-10.65544724999998,,,,,,
0.055337950500000004,0.02288627775,0.05905443075,0.6351030000000009,11.416135499999996,-10.88434724999999,,,,,,
0.11823295049999998,0.02255027775,0.07465743074999999,0.7359030000000004,11.428735499999998,-10.59664724999999,,,,,,
0.0005699505000000001,0.13529927775,0.03570243075,0.6855029999999971,11.067535499999998,-10.254347249999995,,,,,,
-0.0197979495,0.02551127775,-0.04256456925,0.7611029999999985,11.0381355,-10.386647249999982,,,,,,
-0.1603740495,-0.19200672225,-0.05629856925,0.8997030000000024,11.052835499999997,-10.428647250000012,,,,,,
0.0092450505,0.03416327775,-0.01462616925,0.7569029999999941,10.6979355,-10.663847250000003,,,,,,
0.1526939505,0.09859127775,0.039041430749999995,0.7422029999999964,10.5257355,-10.888547249999988,,,,,,
-0.0992850495,-0.07627572225,0.03771843075,0.5910030000000006,10.244335499999998,-11.237147250000021,,,,,,
-0.0479820495,0.04004327775,0.01722243075,0.744302999999995,10.271635499999999,-10.869647250000014,,,,,,
0.1016849505,-0.05332272225,-0.07587056924999999,0.8871029999999962,10.246435499999997,-10.659647250000006,,,,,,
0.050549950499999996,0.04680527775,-0.04552556925,0.9060029999999983,9.631135499999996,-10.18084725,,,,,,
-0.13173004949999997,0.09892727775,0.02293443075,0.8997030000000024,9.4253355,-10.277447249999994,,,,,,
-0.07141804950000001,-0.15051072225,-0.00616946925,0.7926029999999997,9.3560355,-10.55044724999999,,,,,,
0.1788599505,0.01545647775,0.017825130749999998,0.7464030000000008,9.6752355,-11.096447249999983,,,,,,
0.1860839505,0.03586427775,0.0019974307499999997,0.7800030000000007,9.194335500000001,-11.325347249999993,,,,,,
-0.1951710495,0.08634827775000001,-0.00546596925,0.712803000000001,9.160735500000001,-11.302247249999994,,,,,,
-0.21188704949999995,-0.06695172225,-0.00116096925,0.8997030000000024,8.8520355,-10.827647249999984,,,,,,
0.06300295049999999,-0.12797772224999998,-0.00211226925,1.0425030000000035,8.717635499999997,-10.130447249999975,,,,,,
0.21021295049999997,0.13028027775,0.0023355307499999998,0.960602999999999,8.717635499999997,-10.185047249999997,,,,,,
-0.0504810495,0.022676277749999998,0.029612430749999998,0.8094029999999961,8.644135499999997,-10.686947250000003,,,,,,
-0.15777004949999998,-0.11787672224999998,0.03383343074999999,0.5931029999999993,8.600035499999997,-11.390447249999994,,,,,,
0.014276650500000002,0.030110277749999997,0.01742403075,0.7695030000000003,8.226235499999998,-11.144747249999995,,,,,,
0.14878795050000002,0.008650377749999999,-0.02243816925,1.0929029999999997,7.871335499999997,-10.733147250000002,,,,,,
0.07952995049999999,0.037817277749999996,-0.028809569249999997,1.2588030000000003,7.8335355000000035,-10.878047250000009,,,,,,
-0.1970190495,0.010979277749999999,-0.03128756925,1.143302999999996,7.7894355,-10.745747249999994,,,,,,
-0.1866660495,-0.056346722249999995,-0.03924656925,1.109702999999996,7.6781355,-10.749947249999991,,,,,,
0.2423429505,0.07706627775000001,0.03969243074999999,0.8220029999999952,7.424035499999999,-10.97254725000002,,,,,,
0.21399295049999997,0.06912827775000001,-0.00740426925,0.908102999999997,7.4219355,-11.138447250000013,,,,,,
-0.3815670495,-0.36025872225,0.04030143075,1.0656029999999959,7.5269355000000004,-11.178347250000002,,,,,,
-0.0704940495,-0.00254892225,-0.05102756925,1.143302999999996,7.440835500000002,-10.997747250000003,,,,,,
0.3922829505,0.42682127774999995,0.00514323075,1.2336030000000022,7.106935499999999,-10.739447250000012,,,,,,
0.0699329505,0.03741827775,0.07457343074999999,1.090803000000001,6.869635500000001,-10.836047249999979,,,,,,
-0.26039704950000003,-0.12363072225,-0.042480569249999996,1.2693029999999936,6.873835499999998,-10.867547250000001,,,,,,
-0.13248604949999998,-0.16334172225,-0.09432956925000001,1.437303,6.6092355000000005,-10.728947250000004,,,,,,
0.3131129505,-0.01871472225,0.03862143075,1.214703,6.548335499999997,-11.092247249999986,,,,,,
0.061889950500000006,0.25609127775,0.06986943075,1.1349030000000013,6.4538355,-11.272847250000012,,,,,,
-0.2038230495,0.11108627775,0.0032196307500000003,1.1790030000000016,6.437035499999997,-11.300147250000009,,,,,,
-0.0655800495,-0.25903872225,-0.01917476925,1.3155029999999996,6.1157354999999995,-11.109047250000003,,,,,,
0.18996895049999998,0.01381217775,-0.030783569249999997,1.391103000000001,5.712535500000001,-10.552547250000003,,,,,,
-0.11251504950000002,0.06572627775,-0.05163656925,1.685102999999998,5.851135499999998,-10.634447249999994,,,,,,
-0.013010749499999998,-0.14442072225,0.003906330749999999,1.6095029999999966,5.8616354999999984,-11.016647250000005,,,,,,
0.18200995050000002,0.11906627775,0.036878430749999996,1.431002999999997,5.918335499999998,-10.892747250000014,,,,,,
-0.1191300495,0.03657827775,0.014790630750000002,1.2945029999999988,5.744035499999999,-10.739447250000012,,,,,,
-0.0417450495,-0.09578472225,0.039860430749999995,1.4646029999999968,5.4731355000000015,-10.733147250000002,,,,,,
0.0284999505,0.16190627775,-0.00435086925,1.5129030000000014,5.189635499999998,-10.676447249999995,,,,,,
-0.0518670495,-0.12180372225,-0.00214376925,1.5570029999999946,5.078335499999998,-10.808747249999982,,,,,,
-0.0229080495,-0.25630872225,0.01995243075,1.6683030000000016,5.044735499999998,-11.01874724999999,,,,,,
0.0163031505,0.27835127774999996,-0.00368096925,1.7229030000000023,4.9691355,-11.073347249999983,,,,,,
0.2467529505,0.02471327775,-0.017066369249999998,1.914003000000001,4.6142354999999995,-10.836047249999979,,,,,,
-0.1009230495,-0.13833072224999998,-0.011717669249999998,1.678803000000002,4.589035499999998,-10.728947250000004,,,,,,
-0.44162704950000004,0.015294777749999999,-0.00376916925,1.6641030000000043,4.477735499999998,-10.535747250000014,,,,,,
0.1897169505,-0.03897972225,-0.00043436924999999986,1.7796030000000016,4.517635499999997,-11.00194725,,,,,,
0.29505295049999997,0.12083027774999999,0.01206693075,1.8447029999999955,4.397935499999999,-11.35264724999999,,,,,,
-0.1451280495,0.06324827775,0.01605273075,2.0295029999999983,4.425235499999999,-11.134247250000016,,,,,,
0.0050093505,-0.13923372224999997,0.03053643075,1.8783029999999954,4.0010355,-10.840247250000004,,,,,,
-0.018103249499999998,0.038657277749999996,-0.03664256925,1.9371030000000005,3.843535499999998,-10.58614725000001,,,,,,
-0.043026049499999997,-0.04649772225,-0.05018756925,2.235303000000002,3.7910354999999996,-10.71424725,,,,,,
0.061889950500000006,0.03876227775,0.023312430749999998,2.195402999999999,3.7070354999999964,-10.970447249999978,,,,,,
0.012533650500000002,0.09115727775,0.02366943075,2.1408029999999982,3.7301354999999994,-11.312747250000001,,,,,,
0.0467489505,0.07059827775000001,0.007457430749999999,2.004303,3.3836355000000005,-11.363147249999997,,,,,,
-0.1218390495,-0.058656722249999994,0.03188043075,2.279402999999995,3.3941354999999973,-10.754147249999988,,,,,,
0.0358499505,-0.17589972224999997,-0.042480569249999996,2.430602999999998,3.1925355000000017,-10.518947249999997,,,,,,
0.1287539505,0.039224277749999995,-0.04483256925,2.4768029999999968,2.986735499999998,-10.523147249999994,,,,,,
-0.0658740495,0.20695127775,-0.037167569250000004,2.5251030000000014,2.965735500000001,-10.640747250000004,,,,,,
-0.0879660495,-0.01623252225,0.05435043074999999,2.3298029999999983,2.9888355000000004,-11.155247250000002,,,,,,
0.1151459505,-0.01401912225,0.037508430749999995,2.2647029999999972,2.7998355000000004,-11.094347249999998,,,,,,
0.0176513505,-0.10006872224999998,0.05968443074999999,2.279402999999995,2.6381355000000006,-11.00194725,,,,,,
0.0026615505,-0.16668072225,-0.02803256925,2.436903000000001,2.770435499999998,-10.728947250000004,,,,,,
-0.0777810495,0.17288927775,0.00363123075,2.619602999999998,2.4911354999999986,-10.319447249999996,,,,,,
-0.13278004949999997,0.044684277749999994,-0.05172056925,2.905203,2.2391354999999997,-10.40344725,,,,,,
0.0274079505,-0.12455472224999999,0.01725813075,2.852702999999998,2.243335499999997,-10.630247249999996,,,,,,
0.12369295049999998,-0.0030403222499999997,0.013400430750000001,2.6028030000000015,2.085835499999998,-10.997747250000003,,,,,,
0.08870695049999999,0.14928527775,0.022115430749999998,2.781303000000001,1.9619354999999992,-10.93054724999999,,,,,,
-0.008346649499999999,-0.06312972224999999,0.005790030750000001,2.7603030000000004,1.913635499999998,-10.724747250000007,,,,,,
-0.10613104949999999,-0.10844772224999999,-0.01767956925,2.768703000000002,1.8149355000000007,-10.472747249999998,,,,,,
-0.1415790495,0.06761627775000001,-0.00782006925,2.861103,1.9241354999999984,-10.516847249999984,,,,,,
0.1148729505,0.05306327774999999,-0.018443969249999997,3.127803,1.7204355000000007,-10.590347250000008,,,,,,
0.0687149505,-0.01748622225,0.01596663075,3.1971029999999985,1.3760355000000004,-10.760447249999999,,,,,,
-0.1119690495,0.01529687775,0.04034343074999999,3.148803000000001,1.2647355000000005,-10.951547250000004,,,,,,
-0.0071727495,-0.10410072225,0.00682953075,3.134103000000003,1.3760355000000004,-10.91374725,,,,,,
0.0630449505,0.04174427775,-0.031581569250000004,3.371403000000001,1.531435499999997,-10.605047250000013,,,,,,
0.0423179505,-0.04166772225,-0.07108256925,3.6549029999999973,1.3550354999999996,-10.308947249999989,,,,,,
0.0493739505,0.08771327775000001,0.04105743075,3.390303000000003,0.9770354999999995,-10.374047250000018,,,,,,
-0.06705004950000001,0.016758477749999997,0.037676430749999996,3.205503,0.9665354999999991,-10.672247249999998,,,,,,
-0.07660504950000001,-0.12083772224999999,0.015473130750000001,3.375602999999998,0.7691354999999973,-10.57354724999999,,,,,,
0.0445439505,0.07750727775,-0.031791569250000005,3.657002999999996,0.7502354999999987,-10.74364725000001,,,,,,
0.09149995049999998,0.17238527775,-0.012731969249999999,3.7578030000000027,0.617935499999998,-10.79614724999999,,,,,,
0.045761950499999995,-0.05523372225,0.013614630749999999,3.7578030000000027,0.6767354999999995,-10.758347249999986,,,,,,
-0.1307220495,-0.12545772225,-0.04628156925,4.024502999999996,0.47303549999999817,-10.271147250000013,,,,,,
-0.0559620495,0.07211027775000001,-0.035718569250000005,4.108502999999999,0.3869354999999999,-10.06324724999999,,,,,,
0.0334979505,-0.12230772224999999,0.048596430749999996,3.9006029999999967,0.4457355000000014,-10.315247249999999,,,,,,
0.05869795049999999,0.02607827775,0.024866430749999998,3.976202999999998,0.3575355000000009,-10.764647249999996,,,,,,
0.0267149505,0.14764727775,0.02049843075,3.9468029999999956,0.34913549999999915,-10.880147249999993,,,,,,
0.0045746505,-0.04996272225,0.00042243075000000015,4.242903000000005,0.27143549999999905,-10.569347249999993,,,,,,
0.0103034505,-0.06602772224999999,-0.041808569250000004,4.360502999999994,-0.16536450000000258,-10.336247249999985,,,,,,
-0.0165303495,-0.09318072224999999,-0.01849436925,4.203002999999995,-0.14436449999999823,-10.390847249999979,,,,,,
-0.1918950495,0.13578227775,0.05674443075,4.324802999999996,-0.07086450000000255,-10.044347249999987,,,,,,
-0.004220149499999999,0.030110277749999997,-0.00288086925,4.476002999999999,-0.19686450000000022,-10.18084725,,,,,,
0.29211295049999997,-0.16130472224999998,-0.040233569250000004,4.715403000000002,-0.24096450000000047,-10.563047250000011,,,,,,
-0.023097049499999998,0.15323327774999998,0.030956430749999996,4.608302999999999,-0.3165645000000019,-10.65544724999998,,,,,,
-0.2979870495,-0.16325772225,0.013192530749999999,4.864502999999999,-0.38166450000000296,-10.334147250000001,,,,,,
0.16145095050000002,-0.09567972224999999,-0.015241469249999999,4.856102999999997,-0.41736450000000147,-10.071647249999984,,,,,,
0.0299699505,0.33148127774999997,-0.06965456924999999,4.864502999999999,-0.36486450000000303,-10.248047250000013,,,,,,
-0.1981110495,0.08844827775000001,0.08967243074999999,4.700702999999997,-0.7071645000000011,-10.546247249999993,,,,,,
0.0100220505,-0.36193872225,0.0009768307499999998,4.954802999999998,-0.4488644999999991,-10.611347249999994,,,,,,
0.2427629505,-0.02446872225,-0.047625569250000006,5.271902999999995,-0.4131645000000006,-10.319447249999996,,,,,,
0.0826589505,0.27100127775,-0.01996436925,5.2803030000000035,-0.6630645000000008,-10.235447249999993,,,,,,
-0.11125504950000001,-0.011767922250000002,-0.016062569250000002,5.194203000000002,-0.6483644999999996,-10.287947249999974,,,,,,
-0.1215660495,-0.18037272225,-0.005776769249999999,5.208902999999999,-0.5790645000000012,-10.132547250000016,,,,,,
0.061721950500000004,-0.031272722249999996,0.046853430749999994,5.217303000000001,-0.9465645000000009,-10.411847249999994,,,,,,
0.1402409505,0.21346127775,0.01829763075,5.500802999999998,-1.1145645000000002,-10.411847249999994,,,,,,
-0.11211604950000001,0.031538277749999996,-0.05407256925,5.635203000000004,-0.9171645000000019,-10.18714725000001,,,,,,
-0.06589504950000001,-0.19809672224999997,-0.00205556925,5.899802999999999,-0.6735645000000012,-10.340447249999983,,,,,,
0.08681695049999999,-0.01743372225,0.02419443075,5.742303,-0.9969645000000007,-10.010747250000009,,,,,,
-0.05497504949999999,0.19739627775,-0.03628556925,5.870403000000003,-1.194364499999999,-10.048547249999984,,,,,,
0.0501929505,-0.012813722250000001,-0.04220756925,5.933402999999998,-1.0221645000000024,-10.340447249999983,,,,,,
0.0012692505000000001,-0.07029072224999999,0.07503543075,5.925002999999997,-0.8310645000000036,-10.248047250000013,,,,,,
-0.0352140495,0.01662407775,0.019763430749999998,6.036303000000004,-0.9654645000000031,-10.189247249999994,,,,,,
0.07159195049999999,-0.10586472224999999,-0.0034499692499999996,6.118202999999994,-1.1712644999999995,-10.021247249999988,,,,,,
0.0104966505,0.012199377749999999,-0.05694956925,6.340803000000001,-1.288864499999999,-9.744047249999994,,,,,,
-0.18160504949999998,0.14353127775,-0.01725116925,6.693602999999996,-1.3581645000000009,-9.60124725,,,,,,
0.0183653505,-0.07358772224999999,-0.009182969249999999,6.498303,-1.4652645,-9.777647250000001,,,,,,
0.1323659505,-0.02146572225,0.05531643074999999,6.393302999999996,-1.324564500000001,-10.168247250000007,,,,,,
0.0052172505,-0.00291012225,0.005191530750000001,6.5802030000000045,-1.2279645000000023,-10.138847249999998,,,,,,
-0.0174774495,0.07454627775,-0.012150269249999998,6.758702999999997,-1.2972645000000007,-10.18714725000001,,,,,,
-0.0043545495,-0.02772372225,0.03062043075,6.838502999999996,-1.5408645000000014,-9.72934724999999,,,,,,
-0.0249870495,-0.15489972224999998,-0.03525656925,6.9582029999999975,-1.5261645000000001,-9.603347249999985,,,,,,
-0.0735180495,0.08445827775,-0.007208969249999999,6.9057029999999955,-1.3833645000000026,-9.628547249999997,,,,,,
-0.0259740495,0.06803627775000001,-0.01466606925,7.061103000000003,-1.4694645000000008,-9.81124724999998,,,,,,
0.1987469505,0.013831077749999999,0.030872430750000002,7.084203000000002,-1.5555644999999991,-10.050647249999997,,,,,,
-0.010413049499999999,-0.02241072225,0.004603530749999999,7.304702999999996,-1.666864499999999,-10.038047250000005,,,,,,
-0.1530030495,0.013908777749999997,-0.03578156925,7.359302999999997,-1.4673645000000022,-9.76504725000001,,,,,,
0.0122417505,0.051908277749999995,0.02707143075,7.573503000000002,-1.500964500000002,-9.588647250000008,,,,,,
0.1440839505,-0.05357472225,-0.015457769249999998,7.617603000000003,-1.5702645000000004,-9.229547249999996,,,,,,
0.034967950500000004,-0.00829662225,0.01043313075,7.554603,-1.5786644999999986,-9.420647250000002,,,,,,
-0.16581304949999998,0.04424327775,-0.04470656925,7.733103,-1.8558645000000027,-9.756647249999986,,,,,,
0.0423809505,-0.08156772224999999,0.02558043075,7.850702999999996,-1.7025645000000011,-9.951947250000018,,,,,,
0.062141950499999994,0.012358977749999998,0.01316313075,7.9830029999999965,-1.834864500000002,-9.693647249999998,,,,,,
-0.0679530495,0.008986377749999998,0.00955953075,7.9305029999999945,-1.658464500000001,-9.282047250000005,,,,,,
0.0573749505,0.03804827775,-0.030783569249999997,8.016603000000003,-1.6752645000000008,-9.166547250000008,,,,,,
-0.038301049499999996,0.03407927775,0.01059903075,8.352603000000002,-1.7109645000000029,-9.177047249999987,,,,,,
-0.0518880495,-0.02747172225,-0.02246126925,8.560502999999997,-1.8873645000000039,-9.198047250000002,,,,,,
0.0259379505,-0.07050072225,-0.00192956925,8.394602999999996,-1.8390645000000028,-9.615947250000005,,,,,,
0.0045473505,-0.00722772225,0.06842043075,8.333703,-1.6815645000000004,-9.599147249999987,,,,,,
0.0338759505,0.09712127775000001,-0.05579456925000001,8.774702999999995,-1.7886644999999994,-9.420647250000002,,,,,,
0.0079661505,-0.04221372225,0.022094430749999998,8.860802999999997,-2.0301645000000015,-9.076247249999994,,,,,,
-0.06736504950000001,-0.06401172225,0.015840630749999998,8.812503,-2.0616645000000027,-8.97964725,,,,,,
0.025916950500000004,0.07639427775,-0.02180606925,8.967903,-1.7991645000000034,-8.988047249999994,,,,,,
-0.053862049499999995,0.01646657775,-0.00347516925,9.184203000000004,-1.8621645000000022,-8.981747250000012,,,,,,
-0.015448849499999999,-0.07625472224999999,0.01036803075,9.270302999999998,-1.9020645000000016,-9.170747250000005,,,,,,
0.0920669505,0.029501277749999995,-0.0075491692499999995,9.243002999999995,-1.9209645000000002,-9.40804725000001,,,,,,
0.0691559505,-0.01164402225,-0.0027506692499999997,9.341703000000003,-2.0049645,-9.345047250000022,,,,,,
-0.05581504949999999,-0.11577672224999998,-0.018158369249999997,9.593702999999998,-1.8411644999999979,-8.977547250000015,,,,,,
-0.0367890495,0.12202727775000001,0.00982413075,9.616802999999997,-1.8201645000000006,-9.055247250000008,,,,,,
-0.06066604949999999,0.06350027775,-0.007452569249999999,9.751202999999997,-1.8327644999999997,-9.24424725,,,,,,
-0.010885549499999998,-0.07728372224999999,-0.00575156925,9.793202999999998,-1.8453645000000023,-9.06784725,,,,,,
0.0190163505,-0.0022318222500000004,0.037361430749999994,10.143903000000002,-1.8201645000000006,-9.063647250000002,,,,,,
0.0897359505,-0.04194072225,-0.018857669249999997,10.181702999999999,-1.9986645000000003,-8.96284725000001,,,,,,
0.007275250499999999,0.02990027775,0.018965430749999998,10.125003,-2.0490645,-8.96284725000001,,,,,,
-0.1169460495,0.08422727775000001,-0.06490856925,10.322403000000001,-1.9881645,-8.803247249999998,,,,,,
0.0318599505,-0.02847972225,0.01915443075,10.410602999999995,-1.9230644999999988,-8.834747249999992,,,,,,
0.16061095050000002,-0.05147472225,0.03801243074999999,10.513503,-1.990264500000002,-8.820047250000016,,,,,,
-0.0790830495,-0.06346572225,-0.025785569249999998,10.626902999999999,-1.8789645000000021,-9.034247249999993,,,,,,
-0.11358604950000001,0.07047227775,0.03637443074999999,10.822203000000002,-1.9272645000000033,-9.076247249999994,,,,,,
0.09805195049999998,0.04428527775,-0.07503056925,10.946103,-1.889464499999999,-8.738147249999997,,,,,,
0.07978195049999999,-0.01403172225,0.08007543075,11.065802999999995,-1.9671645000000026,-8.712947249999985,,,,,,
-0.11165404949999999,0.02557427775,-0.07278356925,11.164502999999996,-2.055364500000003,-8.723447249999992,,,,,,
-0.0558780495,-0.01787052225,0.11317143075,11.156103000000002,-1.9881645,-8.799047250000001,,,,,,
-0.014558449499999997,-0.03654372225,-0.06736556925000001,11.273702999999998,-1.9167644999999993,-8.691947249999998,,,,,,
0.0750569505,0.06278627775000001,0.00462243075,11.393403,-1.9041645000000003,-8.807447249999996,,,,,,
0.08673295049999999,-0.07778772225,0.02123343075,11.557203000000001,-2.0259645000000006,-8.872547249999997,,,,,,
-0.0629760495,-0.14824272225,-0.00083966925,11.626503,-2.067964500000002,-8.790647249999978,,,,,,
-0.027003049499999997,0.18053327775,-0.029565569249999996,11.912102999999995,-2.0910645000000017,-8.532347250000015,,,,,,
0.0421499505,0.12624827775,-0.02994356925,12.038103,-1.9755645000000008,-8.248847250000011,,,,,,
-0.038805049499999994,-0.10246272224999999,0.07049943075,11.935203000000001,-2.0217644999999997,-8.448347249999983,,,,,,
-0.1463460495,-0.08549472224999999,0.03637443074999999,12.243903000000003,-1.9608644999999996,-8.71084725,,,,,,
0.0699329505,0.01640987775,-0.03053156925,12.443402999999996,-1.9776644999999995,-8.580647249999998,,,,,,
0.2160929505,0.06753227775000001,-0.03802856925,12.495902999999998,-1.8768645,-8.444147249999986,,,,,,
-0.0419550495,-0.01279272225,-0.02034656925,12.542102999999997,-1.9608644999999996,-8.536547250000012,,,,,,
-0.1926090495,-0.10296672224999999,0.02224143075,12.554702999999996,-1.941964500000001,-8.469347249999998,,,,,,
0.0500669505,0.00091187775,0.037361430749999994,12.666002999999996,-1.9020645000000016,-8.568047250000006,,,,,,
0.17495395049999998,0.11894027774999999,-0.02065316925,12.827703,-2.0469645000000014,-8.412647249999992,,,,,,
-0.0429420495,0.02878727775,-0.019164269249999998,12.947403000000001,-2.118364500000002,-8.253047250000009,,,,,,
-0.1724700495,-0.07635972224999998,0.045488430749999996,13.018802999999998,-1.906264499999999,-8.351747250000017,,,,,,
0.0090455505,-0.00536922225,-0.032442569250000004,13.281303000000001,-1.8012644999999985,-8.221547250000015,,,,,,
0.1628369505,0.03500327775,-0.03727256925,13.373702999999999,-1.8642645000000009,-8.14804724999999,,,,,,
-0.0034053495,0.03565427775,0.00403653075,13.205703,-1.9356645000000015,-8.349647250000004,,,,,,
-0.11335504950000001,-0.00342042225,0.043871430749999996,13.424103000000002,-2.1225644999999993,-8.484047250000003,,,,,,
-0.0243990495,-0.10521372224999999,0.05038143075,13.524903000000002,-1.9545645,-8.387447250000008,,,,,,
0.09212995049999999,0.03632627775,0.046223430749999996,13.726503000000001,-1.9566645000000022,-8.15434725,,,,,,
0.12115195049999998,0.052643277749999995,-0.09094856925,13.907103,-1.9167644999999993,-7.906547250000017,,,,,,
-0.09787804950000001,-0.053364722249999996,0.01774533075,13.863002999999999,-1.7823645000000035,-7.809947249999993,,,,,,
-0.21902704949999996,0.00580907775,-0.05094356925,13.993202999999994,-1.7907645000000016,-8.022047249999986,,,,,,
0.11266795049999999,0.08779727775,0.06600543075,14.033102999999997,-1.9986645000000003,-8.328647249999989,,,,,,
0.1488719505,0.06669227775,-0.018458669249999997,14.161203,-1.9755645000000008,-8.26564725,,,,,,
-0.020910949499999998,-0.07539372224999999,0.05567343075,14.255702999999997,-1.872664499999999,-7.841447249999987,,,,,,
-0.060204049499999995,-0.08228172224999998,0.00015363075000000012,14.438403000000001,-1.8810645000000008,-7.629347249999995,,,,,,
-0.03870004949999999,0.06765827775,-0.02112986925,14.591703000000003,-1.8012644999999985,-7.606247249999996,,,,,,
0.0383699505,-0.032931722249999996,-0.022942169249999998,14.665202999999998,-1.8852645000000017,-7.795247250000017,,,,,,
-0.0509010495,-0.05193672225,0.040742430749999996,14.747102999999996,-1.8558645000000027,-7.841447249999987,,,,,,
-0.0524970495,0.07358027775,0.011638530749999999,14.677803000000004,-1.805464500000003,-7.904447250000004,,,,,,
0.1496699505,0.018885777749999996,-0.014567369249999998,14.787002999999999,-1.9272645000000033,-7.97794725,,,,,,
0.0474209505,-0.06701472224999999,-0.00043436924999999986,14.931902999999998,-1.7676645000000022,-7.646147250000013,,,,,,
-0.08769304950000001,0.00948827775,0.032930430749999996,15.053702999999999,-1.7340645000000023,-7.431947250000007,,,,,,
-0.024294049499999998,0.05545727775,-0.056508569249999994,15.081002999999995,-1.6227645000000024,-7.499147249999993,,,,,,
0.0345269505,0.009320277749999998,0.051767430749999996,15.213302999999996,-1.8558645000000027,-7.345847249999991,,,,,,
-0.04875904949999999,-0.00377112225,-0.04537856925,15.267903000000004,-1.7445644999999992,-7.505447249999975,,,,,,
-0.025638049499999996,-0.06995472224999999,0.03372843074999999,15.431702999999999,-1.7340645000000023,-7.625147249999998,,,,,,
0.0383069505,0.030026277749999997,-0.04936856925,15.454802999999998,-1.9188645000000015,-7.511747250000013,,,,,,
0.0676019505,0.00251417775,0.05059143075,15.490502999999997,-1.8390645000000028,-7.41514724999999,,,,,,
-0.0051252495,-0.018294722250000003,-0.030027569249999997,15.549302999999995,-1.7508645000000023,-7.375247250000001,,,,,,
-0.1079160495,0.04583927775,0.02516043075,15.822303000000005,-1.7697645000000009,-7.2219472499999995,,,,,,
0.0272189505,0.013228377749999999,-0.06408956924999999,15.916803000000002,-1.7046644999999998,-7.337447249999997,,,,,,
0.041897950499999996,-0.03933672225,0.11069343074999999,15.711002999999998,-1.7004645000000025,-7.406747249999995,,,,,,
0.015078850500000001,-0.016375322249999998,0.00443343075,15.767702999999997,-1.7088645000000007,-7.396247249999988,,,,,,
0.0357029505,0.00369437775,-0.029460569249999995,16.015502999999995,-1.4946645000000025,-7.324847250000005,,,,,,
-0.0306360495,0.041555277749999994,-0.00893306925,16.061703,-1.6080645000000011,-7.203047249999997,,,,,,
-0.06749104950000001,-0.02843772225,0.02413143075,16.112103000000005,-1.713064499999998,-7.200947250000013,,,,,,
-0.033345049499999994,0.010741977749999998,-0.03053156925,16.231803,-1.6059645000000025,-7.179947249999998,,,,,,
0.1024619505,0.04678427775,-0.029418569250000002,16.265403,-1.5723645000000026,-7.217747250000002,,,,,,
0.0406379505,-0.08921172224999999,0.04431243074999999,16.347303000000004,-1.5345645000000019,-7.219847250000015,,,,,,
-0.1019520495,-0.03177672225,0.00846753075,16.408203,-1.6542645,-7.095947249999995,,,,,,
-0.0132354495,0.13408127775,0.0053679307499999995,16.359902999999996,-1.7298645000000015,-7.196747250000016,,,,,,
0.07180195049999999,-0.00685812225,-0.018051269249999998,16.542602999999993,-1.6353645000000014,-7.100147249999992,,,,,,
0.012321550499999999,-0.06680472224999999,0.01852863075,16.775703,-1.547164500000001,-6.906947250000002,,,,,,
-0.0486540495,0.032315277749999996,-0.03384956925,16.702203000000004,-1.530364500000001,-6.965747249999993,,,,,,
-0.057075049499999995,0.0001915777499999999,-0.03439556925,16.609803000000007,-1.5408645000000014,-6.921647250000007,,,,,,
0.0505289505,-0.03198672225,0.13599843075,17.019303,-1.389664500000002,-6.795647250000002,,,,,,
0.053720950499999996,0.007982577749999999,-0.15462056925,17.088603,-1.423264500000002,-6.738947249999995,,,,,,
-0.012809149499999999,-0.06130272225,0.004649730749999999,17.132702999999992,-1.5765645,-6.837647250000003,,,,,,
-0.033408049499999995,-0.03137772225,0.07379643075,16.966803000000006,-1.419064500000001,-6.911147249999999,,,,,,
-0.024714049499999998,0.09741527775,-0.04663856925,17.216703000000003,-1.5933644999999999,-6.948947250000003,,,,,,
0.0111371505,0.03985427775,0.025664430749999998,17.063403,-1.4442644999999992,-6.663347249999987,,,,,,
-0.0049131495,-0.05174772225,-0.03311456925,17.294403000000003,-1.4610645000000027,-6.732647249999985,,,,,,
0.043325950499999995,-0.07736772224999999,0.06766443074999999,17.372103000000003,-1.471564500000003,-6.631847249999993,,,,,,
-0.0370410495,0.047225277749999996,-0.09435056925,17.596803,-1.4484645,-6.600347249999999,,,,,,
-0.043719049499999996,0.17517827775,0.055442430749999994,17.445603,-1.3329645000000028,-6.621347250000014,,,,,,
0.0596849505,-0.09395772225,-0.013611869249999999,17.485502999999994,-1.419064500000001,-6.608747249999993,,,,,,
0.0795929505,-0.20393472224999998,0.015271530750000002,17.443503,-1.452664500000001,-6.837647250000003,,,,,,
-0.0634590495,0.06263927775000001,0.031082430749999997,17.569503000000005,-1.3644645000000004,-6.812447249999991,,,,,,
-0.0686040495,0.12456827775000001,-0.05090156925,17.825702999999997,-1.2930644999999998,-6.596147250000001,,,,,,
0.10785895049999998,-0.03297372225,0.062330430749999985,17.735402999999998,-1.2636645000000009,-6.415547250000003,,,,,,
0.0407429505,-0.05008872225,-0.07171256925,17.794203000000003,-1.1985645000000034,-6.436547250000018,,,,,,
-0.0919560495,0.015372477749999999,-0.00389096925,17.958002999999998,-1.3497645000000027,-6.344147249999992,,,,,,
-0.0164547495,0.047225277749999996,0.06293943075,17.752203,-1.3161644999999993,-6.354647249999999,,,,,,
0.0336659505,0.03674627774999999,-0.03536156925,17.913902999999998,-1.272064499999999,-6.497447249999993,,,,,,
-0.016475749499999998,-0.05286072225,0.04091043075,17.884503000000002,-1.2195645000000006,-6.41974725,,,,,,
-0.0220470495,-0.02440572225,-0.020558669249999998,18.220502999999994,-1.406464500000002,-6.381947249999996,,,,,,
0.0471269505,-0.00208902225,0.013969530749999997,18.413702999999998,-1.305664499999999,-6.218147249999987,,,,,,
0.007541950499999999,0.01405367775,-0.04953656925,18.405302999999996,-1.0494644999999991,-5.928347250000002,,,,,,
-0.058650049499999996,0.02528027775,-0.01363706925,18.409503,-1.1019645000000011,-6.21394724999999,,,,,,
-0.0627240495,-0.02308272225,0.03246843075,18.428402999999996,-1.3581645000000009,-6.335747249999997,,,,,,
0.06291895049999999,-0.04095372225,-0.02099336925,18.470402999999997,-1.2573645000000013,-6.367247249999991,,,,,,
0.1050029505,0.060665277749999996,0.05750043075,18.247802999999998,-1.0767644999999995,-6.159347249999996,,,,,,
-0.061695049499999995,-0.01163562225,-0.014231369249999999,18.430502999999995,-1.0053645000000024,-5.938847250000009,,,,,,
-0.0018954494999999997,-0.09723372224999999,0.004924830750000001,18.556503,-1.2195645000000006,-5.96824724999999,,,,,,
-0.0080295495,0.04775027774999999,0.00110493075,18.726603000000004,-1.135564500000001,-5.978747249999998,,,,,,
0.0208769505,0.06906527775,-0.03361856925,18.819003000000002,-1.3287644999999983,-6.039647250000002,,,,,,
-0.0014166495,-0.03454872225,-0.004523069249999999,18.680403,-1.1796645000000012,-6.094247249999995,,,,,,
-0.0535050495,-0.00815172225,0.01129203075,18.934503000000007,-1.194364499999999,-5.947247250000004,,,,,,
-0.0406110495,0.023432277749999997,0.024635430750000003,18.728703000000003,-1.1628645000000013,-5.961947250000009,,,,,,
0.08788795049999999,0.03403727775,-0.03296756925,18.741303000000002,-1.1397645000000018,-5.9094472499999995,,,,,,
0.0596219505,-0.06434772224999999,0.05470743074999999,18.749703000000004,-0.9696645000000004,-5.867447249999998,,,,,,
-0.0893940495,-0.00497022225,-0.03792356925,18.835803,-0.9318644999999997,-5.926247249999989,,,,,,
-0.06421504950000001,0.09361427775,-0.07066256925,19.144503,-1.0536645,-5.796047249999987,,,,,,
0.0951329505,-0.005421722249999999,0.05397243075,18.978603,-1.1649645,-5.802347249999997,,,,,,
0.08660695049999999,-0.11833872225,-0.03479456925,18.835803,-1.0263644999999997,-5.562947249999979,,,,,,
-0.0592590495,-0.03167172225,0.06734943075,19.092003000000005,-1.083064499999999,-5.646947250000011,,,,,,
-0.013319449499999999,0.12465227774999998,-0.10514456925,18.896703000000002,-1.0620645000000017,-5.709947249999999,,,,,,
0.05794195049999999,0.045587277749999995,0.06375843075,19.163402999999995,-0.9318644999999997,-5.720447249999978,,,,,,
-0.1057950495,-0.11426472224999998,0.00939993075,18.926102999999998,-0.9234645000000015,-5.770847250000003,,,,,,
-0.07923004950000001,-0.00810552225,-0.11829056924999999,19.119303000000002,-0.9318644999999997,-5.707847249999986,,,,,,
0.13843495050000001,0.08309327775,0.06629943075,18.903003,-0.9927644999999998,-5.76874724999999,,,,,,
0.048218950499999996,0.004553277749999999,0.050045430749999995,18.928202999999996,-1.0893644999999985,-5.510447249999999,,,,,,
-0.0841650495,-0.00543642225,0.01110933075,18.961803000000003,-0.9045644999999993,-5.3466472499999895,,,,,,
-0.0192540495,-0.04399872225,-0.14220956924999997,19.098302999999994,-0.8772645000000026,-5.373947249999986,,,,,,
0.0551069505,-0.00203652225,0.10762743075,19.121403,-0.8520645000000009,-5.581847249999981,,,,,,
-0.027528049499999995,0.00022307774999999973,0.03553443075,18.808503,-0.8478645,-5.497847250000007,,,,,,
-0.0715230495,0.02406227775,-0.04852856925,19.138202999999997,-0.7659645000000026,-5.4789472500000045,,,,,,
0.0516419505,-0.00891612225,-0.029607569249999997,19.098302999999994,-0.8583645000000004,-5.527247249999988,,,,,,
0.0605459505,0.0015145777499999998,-0.15749756925,18.89250299999999,-0.805864500000002,-5.369747249999989,,,,,,
-0.039687049499999995,0.008226177749999999,0.04120443075,18.176403,-0.9150644999999997,-5.357147249999997,,,,,,
-0.0472260495,-0.02210202225,1.08603843075,17.806803000000002,-0.7995645000000025,-5.252147250000007,,,,,,
0.07948795049999999,0.04609127775,-1.08683156925,21.702303000000008,-0.711364500000002,-5.157647249999997,,,,,,
0.12262195049999998,0.17123027775,0.10412043074999999,20.898002999999996,-0.47826450000000165,-5.021147250000013,,,,,,
-0.1725960495,-0.27541872225,-0.49526156925,19.713603,-0.8478645,-5.002247249999982,,,,,,
-0.3259170495,-0.42976872225,0.45897843075,17.697602999999994,-1.0368645,-5.214347250000003,,,,,,
0.36960295049999997,0.5513512777499999,0.05678643074999999,17.903402999999997,-1.2153645000000033,-5.594447250000002,,,,,,
0.2541029505,0.37012127775,0.24561843075,18.974403000000002,-0.8436644999999992,-5.619647250000014,,,,,,
-0.3383070495,-0.46189872225,-0.37409156925,19.54770299999999,-0.4446645000000018,-5.016947250000015,,,,,,
-0.0997890495,-0.22501872225,0.07190643075,19.512003,-0.07926450000000074,-4.60324725000001,,,,,,
0.07131895049999999,0.25210127774999996,0.01425303075,18.552303000000002,-0.6798645000000008,-4.806947250000007,,,,,,
0.1446509505,0.21220127775,-0.09813056925000001,19.075202999999995,-0.9633645000000008,-5.054747249999991,,,,,,
0.1361249505,-0.11254272224999999,0.054035430749999995,18.917702999999996,-0.9360645000000005,-5.056847250000004,,,,,,
-0.09542104950000001,-0.10746072224999999,0.18959043074999998,19.008002999999995,-0.994864500000002,-4.76704724999999,,,,,,
0.0062777505,0.15323327774999998,-0.20854856925,18.695102999999996,-0.6987644999999993,-4.794347249999987,,,,,,
-0.1293360495,-0.07218072225,0.00741963075,18.117602999999995,-0.5265645000000028,-4.888847249999998,,,,,,
-0.15665704949999998,-0.27226872225,0.07978143075,18.399003,-0.33126449999999963,-5.021147250000013,,,,,,
0.1771589505,0.10810427775,-0.04596656925,18.472502999999996,-0.7848645000000012,-4.970747249999988,,,,,,
0.18996895049999998,0.33358127774999996,0.06747543075,18.657303000000006,-0.8604645000000026,-4.781747249999995,,,,,,
-0.052140049499999994,-0.07936272224999999,-0.20151356925,18.735002999999992,-0.5937644999999989,-4.67884724999999,,,,,,
-0.1045350495,-0.20242272225,0.10195743075,18.388503,-0.8646645,-4.746047250000004,,,,,,
-0.0362010495,0.06933827775,0.03629043075,18.548102999999998,-0.7911645000000007,-4.615847250000002,,,,,,
-0.0663570495,0.11003627775,0.05017143075,18.147003000000005,-0.5643644999999999,-4.599047250000012,,,,,,
-0.0055620495,-0.06031572225,-0.11551856925,18.260402999999997,-0.6231645000000015,-4.741847250000006,,,,,,
0.10756495049999999,-0.10714572224999999,0.05565243074999999,17.907602999999995,-0.5706644999999995,-4.523447250000004,,,,,,
-0.0392040495,0.03762827775,0.11726643074999998,17.689203,-0.7344645000000014,-4.46884725000001,,,,,,
0.0456359505,0.03926627775,-0.07114556925,17.895002999999996,-0.6357645000000005,-4.389047250000004,,,,,,
-0.0200268495,-0.02654772225,0.03309843075,17.554803000000007,-0.7050644999999989,-4.617947249999986,,,,,,
-0.0207240495,-0.02946672225,-0.05923856925,17.829902999999995,-0.47616449999999944,-4.552847249999985,,,,,,
0.0183842505,-0.07142472224999999,-0.12330956925,17.680802999999997,-0.6525645000000004,-4.206347249999993,,,,,,
-0.036579049499999995,0.16873127775000002,0.06514443075,17.727003000000003,-0.6966645000000007,-4.04044725,,,,,,
-0.049221049499999996,0.14330027774999998,0.03818043075,17.506503000000002,-0.5265645000000028,-4.431047249999978,,,,,,
0.0564929505,-0.22102872224999998,0.04670643075,17.300703,-0.3417645,-4.706147250000015,,,,,,
-0.0035712495,-0.13950672225,-0.025260569249999996,17.145303,-0.4320644999999992,-4.460447249999987,,,,,,
0.06184795049999999,0.12400127775,-0.024945569249999997,17.128503000000002,-0.5664645000000021,-4.160147249999994,,,,,,
0.09324295049999999,0.14932727775000001,0.031943430749999994,17.241903,-0.8226645000000019,-4.160147249999994,,,,,,
-0.1645950495,0.005939277749999999,0.03637443074999999,17.105402999999995,-0.6525645000000004,-4.202147249999996,,,,,,
-0.0519090495,-0.11819172224999999,-0.13492256924999999,17.317502999999995,-0.5937644999999989,-4.544447250000019,,,,,,
0.1328489505,-0.07583472225,-0.00738116925,16.994103000000003,-0.4320644999999992,-4.424747249999996,,,,,,
-0.029208049499999996,0.05539427774999999,0.12327243075,16.620302999999993,-0.6063645000000015,-4.147547250000002,,,,,,
0.0400079505,0.01517717775,-0.034143569250000005,16.746302999999997,-0.6420645,-3.700247250000018,,,,,,
-0.0070152495,0.13748327775,-0.00873566925,16.618202999999994,-0.5370644999999996,-3.759047250000009,,,,,,
-0.0135882495,-0.13597872225,-0.00183926925,16.630803,-0.5118645000000015,-3.914447249999995,,,,,,
-0.028200049499999998,-0.13847772225,-0.03523556925,16.584603,-0.3879645000000025,-4.412147250000004,,,,,,
-0.0209739495,0.17580827775,0.03557643074999999,16.378802999999998,-0.5139645000000002,-4.384847250000007,,,,,,
0.0551069505,0.06505427775000001,0.05435043074999999,16.099503000000006,-0.6357645000000005,-4.061447249999986,,,,,,
0.1119539505,-0.10733472225,-0.02156036925,16.070102999999996,-0.6903645000000012,-3.7149472499999945,,,,,,
-0.19145404949999997,-0.08496972224999999,-0.058965569249999995,16.404003000000003,-0.39006450000000115,-3.7674472500000036,,,,,,
-0.13744204949999997,0.10258127775,-0.02721356925,16.164603000000007,-0.38166450000000296,-4.074047250000007,,,,,,
0.1186949505,0.013530777749999999,0.01580703075,15.881102999999996,-0.694564500000002,-3.8787472500000035,,,,,,
0.1265909505,-0.06409572225,0.046937430749999995,15.477903000000005,-0.4488644999999991,-3.731747250000012,,,,,,
-0.0024561494999999997,0.07391627775,0.02522343075,15.215403000000002,-0.12336450000000099,-3.8409472499999993,,,,,,
-0.11740804950000001,0.02528027775,0.01039113075,15.454802999999998,-0.41736450000000147,-3.9900472500000035,,,,,,
-0.0161082495,-0.14200572225,-0.01779296925,15.715203000000002,-0.6252645000000001,-3.9879472499999906,,,,,,
0.0095264505,0.02910227775,-0.014212469249999998,15.687902999999999,-0.3879645000000025,-3.6372472500000015,,,,,,
0.0495419505,0.07952327775,-0.04535756925,15.543002999999999,-0.32916450000000097,-3.4944472500000074,,,,,,
0.11861095049999998,-0.02238972225,0.041309430749999994,14.774403,-0.48246449999999896,-3.5469472500000165,,,,,,
-0.08431204950000001,-0.03238572225,-0.03166556925,14.858402999999996,-0.4152645000000028,-3.7779472499999827,,,,,,
-0.0957360495,0.046364277749999995,0.07780743075,14.843702999999998,-0.1716645000000021,-3.9123472500000105,,,,,,
0.0911639505,-0.00985692225,-0.028557569249999998,14.889902999999997,-0.3081645000000002,-3.868247249999996,,,,,,
-0.0380280495,0.012896577749999999,-0.01929656925,14.671503000000001,-0.5118645000000015,-3.7212472500000047,,,,,,
-0.0769830495,-0.04488072225,0.01149993075,14.535003000000003,-0.3984645000000029,-3.3684472500000027,,,,,,
0.0453209505,-0.01263102225,-0.02847356925,14.522402999999997,-0.299764500000002,-3.3180472500000064,,,,,,
0.0333929505,0.015248577749999999,-0.028956569249999998,14.606403,-0.2955645000000011,-3.4986472500000048,,,,,,
-0.0057720495,0.09894827775000001,-0.03603356925,14.463602999999999,-0.46986450000000346,-3.719147249999992,,,,,,
-0.012143449499999999,0.03128627775,0.09338943074999999,13.938603,-0.40896449999999973,-3.496547249999992,,,,,,
0.07694695049999999,-0.13219872224999998,0.00900093075,13.781103000000002,-0.1905645000000007,-3.4755472500000053,,,,,,
0.0425069505,-0.10487772224999999,-0.009338369249999999,13.795803,-0.19476450000000156,-3.404147249999994,,,,,,
-0.0998310495,0.09224927775,-0.01715036925,13.674002999999999,-0.47826450000000165,-3.444047250000011,,,,,,
-0.0317910495,0.056906277750000005,0.03234243074999999,13.703403000000002,-0.5328645000000023,-3.3474472499999877,,,,,,
0.0341909505,0.05129927775,-0.060687569250000004,13.529103,-0.3564645000000013,-3.3285472499999855,,,,,,
0.053699950499999996,0.037712277749999995,-0.10485056925,13.377903000000003,-0.2472645,-3.181547249999994,,,,,,
-6.21494999999999e-05,-0.14878872224999998,-0.34742156925,12.552602999999998,-0.11076450000000193,-3.1584472499999947,,,,,,
-0.0099846495,-0.05611572225,1.3611384307499999,11.290502999999994,-0.2283645000000014,-3.1080472499999985,,,,,,
-0.0795660495,0.10757927775000001,-0.8396615692499999,14.889902999999997,-0.35016450000000177,-3.15004725,,,,,,
0.1323239505,0.28906127774999996,-0.7441115692499999,14.614803000000002,-0.17376450000000077,-3.0702472500000226,,,,,,
-0.0155601495,-0.28507872225,0.32856843075,12.838203,-0.3354645000000005,-3.0576472500000023,,,,,,
-0.3954270495,-0.57004872225,0.44091843075000003,10.771802999999998,-0.6840645000000016,-3.1920472500000017,,,,,,
0.31668295049999995,0.43354127774999995,-0.18549056925,12.357303000000002,-0.8394645000000018,-3.36634724999999,,,,,,
0.41517295049999997,0.58705127775,-0.14208356925,12.285902999999998,-0.2724644999999981,-3.2382472500000006,,,,,,
-0.3926970495,-0.40036872225000003,0.06014643074999999,11.844903000000002,0.09713549999999671,-3.1080472499999985,,,,,,
-0.2986170495,-0.43165872224999996,0.24015843074999998,11.809203000000004,0.03623550000000009,-2.9673472500000173,,,,,,
0.0428219505,0.09233327775,-0.20646956924999998,11.679003000000002,-0.17796450000000164,-3.007247250000006,,,,,,
0.3916529505,0.43396127775,-0.13179356925,12.212403000000002,-0.41106450000000194,-2.9463472500000023,,,,,,
0.3139529505,0.12171227774999999,0.19946043075,10.986002999999997,-0.4614645000000017,-3.0240472499999953,,,,,,
-0.5203770495,-0.30607872225,0.12333543075,11.242202999999996,-0.3564645000000013,-3.116447249999993,,,,,,
-0.18183604949999999,-0.09152172224999999,-0.20182856925,11.286303000000004,-0.3060645000000015,-2.9001472500000034,,,,,,
0.30660295049999997,0.20751827775,0.00049803075,11.053202999999996,-0.17376450000000077,-2.6775472500000035,,,,,,
0.014291350500000001,-0.022536722250000002,0.041603430749999996,10.794902999999998,-0.3438644999999987,-2.864447250000012,,,,,,
-0.0448740495,-0.22207872225,0.14097543075,10.192203,-0.38166450000000296,-3.03874725,,,,,,
-0.15716104949999998,0.04661627775,-0.09999956925,10.836903,0.002635499999996682,-2.656547250000017,,,,,,
0.0804539505,0.25609127775,-0.06862556925,10.635303,-0.1800645000000003,-2.427647250000007,,,,,,
0.1736099505,0.06402527775000001,0.08307843074999999,10.444203000000002,-0.6924644999999998,-2.398247249999997,,,,,,
-0.062178049500000006,-0.28360872225,0.01377213075,10.183802999999997,-0.5412645000000005,-2.444447249999996,,,,,,
-0.14836204949999998,-0.21913872225,-0.04218656925,9.988503000000001,-0.043564500000002226,-2.5998472500000105,,,,,,
0.0229979505,0.2878012777499999,-0.047415569250000004,10.095602999999997,0.23363549999999833,-2.6712472499999933,,,,,,
-0.027045049499999998,0.24055127775000001,-0.03872156925,9.975902999999995,-0.06456449999999947,-2.4675472499999955,,,,,,
0.1123319505,-0.20983572225,0.09643443075,9.753302999999995,-0.4446645000000018,-2.4024472499999945,,,,,,
0.012533650500000002,-0.10974972224999999,0.02442543075,9.379503,-0.36486450000000303,-2.4486472499999934,,,,,,
-0.10724404950000001,-0.07795572225,-0.04758356925,9.763803000000003,-0.04776449999999954,-2.5431472499999757,,,,,,
0.09756895049999999,0.13244327775,-0.03500456925,9.249302999999998,-0.08766449999999892,-2.681747250000001,,,,,,
0.0777869505,0.12549227775,-0.030027569249999997,8.961603000000004,-0.16116449999999816,-2.3121472500000095,,,,,,
-0.1667790495,-0.05359572225,0.13278543075,8.594103000000004,-0.3669645000000017,-2.1294472499999983,,,,,,
-0.0998100495,0.06404627775,0.14473443075,9.022503,-0.17586449999999942,-2.2932472500000074,,,,,,
0.1089299505,-0.19629072225,-0.32516156924999995,9.184203000000004,-0.1905645000000007,-2.5347472500000094,,,,,,
0.0876149505,-0.18278772224999998,-0.19248356925,8.629803000000003,0.09713549999999671,-2.139947250000006,,,,,,
0.037214950499999996,0.41023127774999996,0.07484643075,8.161503000000003,-0.28086449999999985,-2.156747249999995,,,,,,
-0.13744204949999997,-0.02805972225,0.21495843074999998,7.340403000000002,-0.4845645000000012,-2.614547249999987,,,,,,
-0.2450670495,-0.26176872225000003,0.06556443075,7.680602999999998,-0.6063645000000015,-2.2449472499999956,,,,,,
0.4267229505,0.26302127774999995,-0.02786456925,8.151002999999996,0.21263549999999753,-1.9446472500000027,,,,,,
0.1227479505,-0.11590272224999999,-0.09611456924999999,8.041802999999994,0.5465354999999974,-2.0307472499999903,,,,,,
-0.3473370495,-0.11292072225,0.14278143075,8.056503,0.11393549999999664,-1.9593472500000075,,,,,,
-0.0031260495,0.22312127775,-0.09361556925,7.8402030000000025,-0.4425644999999996,-1.929947249999998,,,,,,
0.07753495049999999,0.08838527775,-0.06293456925,7.294203000000003,-0.5916645000000003,-1.375547250000011,,,,,,
0.16735195049999999,-0.22165872225,0.09740043074999999,6.634802999999998,-0.2955645000000011,-1.8081472499999904,,,,,,
-0.1050600495,-0.32644872225,-0.030615569249999995,7.103102999999997,-0.11496449999999925,-2.5998472500000105,,,,,,
-0.09101104950000001,0.31594127774999997,0.016867530749999998,6.7944029999999955,0.34913549999999915,-2.6586472500000013,,,,,,
0.06329695049999999,0.34954127774999993,0.07745043075,6.483603000000002,0.4079355000000007,-1.7262472500000001,,,,,,
-0.0755760495,-0.27793872225000005,-0.03475256925,6.6642030000000005,-0.24306449999999913,-1.1802472500000079,,,,,,
0.006827950499999999,-0.29473872225,-0.08471156925000001,6.9708029999999965,-0.5370644999999996,-1.276847250000003,,,,,,
0.1311479505,0.26953127774999996,0.0001557307499999998,6.771303000000003,-0.3543644999999991,-1.7703472499999862,,,,,,
-0.08198104950000001,0.16142327775,0.02717643075,6.082503000000003,-0.043564500000002226,-2.106347249999999,,,,,,
-0.0930690495,-0.31636872225,-0.044013569249999995,5.6520030000000006,0.03623550000000009,-1.83754725,,,,,,
0.08841295049999999,0.09441227775000001,0.05716443075,5.001002999999997,-0.07086450000000255,-1.850147249999992,,,,,,
0.007170250499999998,0.20199527775,-0.01169666925,5.133302999999998,-0.11916450000000012,-2.1294472499999983,,,,,,
-0.18574204949999998,-0.20861772225,0.061049430749999994,5.303402999999996,0.10763549999999711,-1.6989472500000034,,,,,,
0.1656089505,-0.01975422225,0.06678243075,5.830502999999993,0.11603549999999885,-1.3167472499999917,,,,,,
0.1871759505,0.14813027774999998,-0.13536356924999998,5.4756029999999996,0.042535499999999615,-1.323047250000002,,,,,,
-0.1186890495,0.11106527775,0.04897443075,4.854002999999999,-0.4131645000000006,-1.4112472500000024,,,,,,
-0.09369904949999999,-0.11210172225,-0.05722256925,4.856102999999997,-0.24516450000000134,-1.3944472500000131,,,,,,
-0.0352140495,-0.12482772224999998,-0.05917556925,5.213102999999997,-0.05826449999999994,-1.3902472500000158,,,,,,
-0.014751649499999998,-0.05966472225,0.021716430749999998,4.612502999999997,0.1412355000000005,-1.6485472499999787,,,,,,
0.048764950499999994,0.08857427775,0.12986643075,4.465502999999998,0.34073550000000097,-1.5792472500000088,,,,,,
-0.04260604949999999,0.12912527775,0.02081343075,4.484403,0.1958354999999976,-1.3839472500000056,,,,,,
0.1863149505,-0.00692742225,0.06455643074999999,4.238703000000001,-0.18846450000000203,-0.768647250000015,,,,,,
0.0364169505,-0.28927872225,-0.08935256925,5.055602999999998,-0.35016450000000177,-0.6972472500000038,,,,,,
-0.2895870495,0.11738627775,-0.13779956925,5.017803000000001,-0.23046450000000362,-1.144547249999988,,,,,,
0.07526695049999998,0.26407127774999994,0.04332543075,4.688102999999998,-0.2577645000000004,-1.3503472499999987,,,,,,
0.07992895049999998,-0.17478672224999997,0.07236843074999999,4.301703000000003,-0.020464500000002772,-1.2957472500000051,,,,,,
-0.19365904949999999,-0.20706372225,0.04017543074999999,3.8355029999999957,0.2273354999999988,-1.1151472500000068,,,,,,
0.1791539505,0.09304727775,0.03143943075,3.7137030000000024,0.11393549999999664,-1.0290472500000192,,,,,,
-0.008917849499999998,0.14027627775,-0.014796269249999999,4.1043029999999945,-0.4026645000000002,-0.8358472500000005,,,,,,
-0.1075170495,-0.14034672224999997,0.02232543075,4.604103000000002,-0.24516450000000134,-0.7203472500000032,,,,,,
0.26418295049999996,-0.030936722250000003,-0.10739156925,4.3332029999999975,0.15803550000000044,-1.1424472500000036,,,,,,
-0.0777390495,0.16889927775,0.00807903075,3.7599030000000013,-0.13176449999999917,-1.3524472499999831,,,,,,
-0.15413704949999998,-0.15630672225,0.09800943075,3.715803000000001,-0.24936449999999866,-1.3272472499999992,,,,,,
-0.008573449499999998,0.07334927775000001,0.0025203307500000004,3.6339030000000037,0.1916355000000003,-1.3251472499999863,,,,,,
-0.0794820495,0.25210127774999996,-0.12097856925,3.839703,0.2651354999999995,-1.1739472499999977,,,,,,
0.10265095049999999,-0.27625872225000003,0.04271643074999999,3.3609030000000004,0.038335499999998746,-0.9471472500000004,,,,,,
0.0208139505,-0.21619872225,0.054203430749999996,3.4827030000000008,-0.0813644999999994,-0.8568472499999871,,,,,,
-0.013086349499999999,0.19451927775,-0.00179726925,3.657002999999996,0.20843550000000022,-0.6804472499999861,,,,,,
0.0987449505,0.17702627775000002,-0.07091456924999999,3.2244029999999952,-0.08766449999999892,-0.8232472500000085,,,,,,
-0.0927120495,-0.10250472224999999,0.030221430749999997,2.991303000000002,-0.1905645000000007,-1.1928472499999998,,,,,,
-0.0175530495,-0.09719172224999999,0.02585343075,3.4323029999999974,-0.2010645000000011,-1.1298472500000116,,,,,,
0.1808969505,0.08088827775,-0.055395569250000005,3.573003,-0.20316449999999975,-1.0983472499999891,,,,,,
-0.0868110495,-0.02713572225,0.02396343075,3.1068029999999993,-0.007864500000000163,-0.6153472500000134,,,,,,
-0.24002704949999998,-0.13232472225,0.03769743074999999,2.619602999999998,0.015235499999999291,-0.5418472499999893,,,,,,
0.12908995050000002,0.09565127775000001,0.044501430749999994,2.5776030000000034,-0.07086450000000255,-0.7392472500000054,,,,,,
0.1891289505,0.18819827774999998,-0.06648356925000001,2.9220029999999966,-0.02256450000000143,-0.9807472500000074,,,,,,
0.017397250500000003,-0.04063872225,-0.00832406925,2.567102999999996,0.09083549999999718,-1.1676472499999875,,,,,,
-0.2225970495,-0.22606872224999996,0.03188043075,2.1408029999999982,-0.1254645000000032,-1.131947249999996,,,,,,
-0.0944340495,-0.10643172224999999,0.00849063075,2.365502999999997,-0.18636449999999982,-0.9828472499999918,,,,,,
0.2337329505,0.24286127775,-0.01795466925,2.5881029999999967,0.2273354999999988,-0.7560472499999946,,,,,,
-0.0355290495,0.15434627775,0.03727743075,2.768703000000002,0.12443550000000059,-0.6510472500000049,,,,,,
-0.1018470495,-0.028185722250000003,0.027113430750000004,2.527203,-0.17586449999999942,-0.9324472499999956,,,,,,
-0.017651749499999998,-0.13587372224999997,-0.16127756925,2.4537029999999973,-0.11076450000000193,-0.8841472499999838,,,,,,
-0.0005745494999999999,-0.17308572225,-0.00450626925,2.294103,0.10343549999999979,-1.0374472499999854,,,,,,
0.2589329505,0.08832227775,0.07442643075,1.8258030000000005,-0.10026450000000153,-0.9366472499999929,,,,,,
-0.041976049499999994,0.12950327775,0.04168743075,1.783802999999999,-0.19686450000000022,-1.0689472499999795,,,,,,
-0.22364704949999997,0.00800357775,-0.040380569250000005,2.0736029999999985,-0.0057645000000015045,-1.0437472499999956,,,,,,
0.059726950499999994,0.01084277775,-0.033093569249999996,2.3424029999999973,0.3974355000000003,-0.4725472500000194,,,,,,
0.08244895049999999,-0.10223172224999999,0.03652143074999999,2.096703000000005,-0.07716450000000208,-0.4620472499999835,,,,,,
0.06260395049999999,0.02393627775,-0.018330569249999998,1.8636029999999977,-0.09606450000000066,-0.9366472499999929,,,,,,
-0.1709370495,0.09663827775,-0.05858756925,1.8384029999999996,0.015235499999999291,-0.9786472499999945,,,,,,
-0.10743304950000002,-0.055590722249999995,0.12236943074999998,1.6284029999999987,-0.0813644999999994,-0.7917472500000144,,,,,,
0.26817295049999995,-0.060357722249999995,0.40290843075,1.725003000000001,-0.0834645000000016,-0.6531472499999893,,,,,,
0.011517250500000001,-0.06623772224999999,-0.52676156925,2.233202999999996,0.015235499999999291,-0.8799472499999865,,,,,,
-0.2677470495,0.02326427775,-0.32831156925,1.7334029999999956,0.2840354999999981,-0.7119472500000086,,,,,,
0.0991859505,0.21409127774999998,0.30315843075,0.7611029999999985,-0.1380644999999987,-0.7539472499999818,,,,,,
0.1518119505,-0.11657472224999998,0.25590843074999997,0.8577030000000008,-0.6147645000000033,-1.033247249999988,,,,,,
-0.26144704950000003,-0.18436272224999997,-0.04621856925,0.7800030000000007,-0.14436449999999823,-0.8925472500000069,,,,,,
0.08952595049999999,0.17488427775,-0.14630456925,1.5465030000000013,0.4331354999999988,-0.4872472499999958,,,,,,
0.2948429505,0.03422627775,-0.08399756925,1.3176029999999983,0.5444354999999987,-0.42214724999999476,,,,,,
0.0335819505,-0.013779722250000001,0.10372143074999998,0.8514029999999977,0.1412355000000005,-0.8232472500000085,,,,,,
-0.0664410495,0.003912777750000001,0.017239230749999997,1.202103000000001,-0.01626449999999835,-1.113047249999994,,,,,,
-0.2221770495,0.024041277749999996,-0.050481569250000004,1.0152029999999996,-0.3270645000000023,-0.5838472499999909,,,,,,
0.1589519505,0.07887227775,0.09250743075,1.109702999999996,-0.33756449999999916,-0.21214725000001522,,,,,,
0.2223929505,-0.09339072224999999,-0.09798356925,0.6750030000000038,0.43523549999999744,-0.26254725000001145,,,,,,
-0.16579204949999998,-0.22417872225,-0.056109569250000005,0.32010300000000314,0.6494354999999992,-0.9597472499999924,,,,,,
-0.17795104949999999,0.24181127775,0.09065943074999999,0.4923029999999997,0.2588355,-0.6762472499999888,,,,,,
-0.2088840495,0.12034727775000001,0.05590443075,0.5532029999999963,-0.23256449999999873,-0.2289472500000045,,,,,,
0.0996899505,-0.15510972224999997,-0.06339656924999999,0.7464030000000008,-0.3522645000000004,0.023052750000005062,,,,,,
0.4630529505,-0.08156772224999999,-0.00071366925,0.24660300000000035,-0.10026450000000153,-0.37594724999999585,,,,,,
-0.0939090495,0.07047227775,0.14622543075,0.301203000000001,0.1517355000000009,-0.7875472500000171,,,,,,
-0.46472704950000004,-0.11308872225,-0.18179456924999998,0.29910300000000234,0.16643549999999863,-0.6216472499999952,,,,,,
0.1016849505,0.14334227775,-0.13830356925,-0.049497000000002345,-0.06246450000000081,-0.3276472500000125,,,,,,
0.3389429505,0.23299127775,0.16218543074999997,-0.658496999999997,-0.0834645000000016,-0.36544724999998834,,,,,,
-0.19185304949999998,-0.31405872225000003,0.15989643075,-0.280497000000004,0.1853354999999972,-0.6300472500000183,,,,,,
-0.1866660495,-0.18992772225,-0.00315176925,0.08910300000000149,0.5381354999999992,-0.4662472499999808,,,,,,
0.2002799505,0.18901727775,-0.06810056925,-0.11249699999999763,0.2567354999999978,-0.22054725000000985,,,,,,
0.1434539505,0.19342727775,-0.027675569249999997,-0.46949700000000405,-0.2472645,-0.2856472499999825,,,,,,
-0.19863604949999997,0.06173627774999999,-0.00411986925,-0.3203969999999998,-0.299764500000002,-0.06514724999999544,,,,,,
-0.0899820495,-0.36256872225000003,-0.08525756925,0.40200300000000055,-0.033064499999998276,-0.06934724999999275,,,,,,
0.11304595049999999,-0.00161022225,-0.03687356925,-0.02849700000000155,0.20003550000000203,-0.2856472499999825,,,,,,
0.055841950499999994,0.32728127775,0.11921943074999998,-0.47369700000000137,0.23363549999999833,-0.44944725000001995,,,,,,
0.011670550500000001,-0.02877372225,0.07356543075,-0.280497000000004,0.3260354999999997,-0.46414724999999635,,,,,,
-0.0573480495,-0.04681272225,0.0010440307499999997,-0.13139699999999976,-0.009964499999998822,0.05455274999999915,,,,,,
0.050507950499999996,-0.01384062225,-0.09922256925,0.47550299999999623,-0.22206450000000189,0.5375527500000032,,,,,,
-0.0688350495,-0.13551672225,-0.02994356925,0.849302999999999,-0.20946449999999928,0.5417527500000006,,,,,,
0.004858150499999999,-0.03167172225,-0.03130856925,0.4818029999999993,-0.14436449999999823,0.12595274999998196,,,,,,
0.1741979505,0.11373227775000001,0.10989543074999998,-0.24059700000000106,0.0614354999999982,-0.23734724999999912,,,,,,
-0.2723670495,0.09777227775000001,0.02791143075,-0.46319700000000097,0.2777354999999986,-0.07144725000000562,,,,,,
-0.0327360495,-0.12516372225,0.00977793075,-0.3896969999999982,0.06773549999999773,0.11755275000001575,,,,,,
0.24402295049999997,0.00810857775,-0.00959666925,-0.05369699999999966,-0.22416450000000054,0.344352750000013,,,,,,
0.0562409505,0.019723677749999998,-0.08206556925,0.21720299999999781,-0.07926450000000074,0.24775274999998942,,,,,,
-0.013245949499999998,-0.03969372225,0.045404430749999995,0.00930299999999562,0.13283549999999877,0.033552750000012566,,,,,,
-0.2744670495,0.07526027775000001,0.006525030749999999,0.03450300000000084,-0.19266449999999935,-0.11344725000000722,,,,,,
-0.0917670495,-0.0035968222500000003,0.01269273075,0.015602999999998701,-0.2535645000000031,-0.1659472500000163,,,,,,
0.2916929505,-0.02019102225,-0.02244656925,0.23190299999999553,0.15803550000000044,0.11125275000000556,,,,,,
0.1437059505,-0.07764072225,-0.03924656925,0.2739030000000042,0.39953549999999893,0.344352750000013,,,,,,
-0.2925270495,-0.01722372225,0.06556443075,0.08490299999999706,0.1832355000000021,0.21625274999999533,,,,,,
-0.1010910495,0.08080427775,0.01686963075,-0.20909699999999987,-0.054064500000002624,0.36535274999999956,,,,,,
0.059117950499999995,-0.043935722249999996,0.061175430749999996,-0.1397970000000015,0.15803550000000044,0.05875274999999647,,,,,,
0.09471295049999999,-0.05416272225,-0.09380456925,0.021902999999994677,0.034135499999997876,-0.1239472499999863,,,,,,
0.1594769505,0.00827867775,-0.06383756925,0.05970299999999895,-0.11076450000000193,-0.15544724999998039,,,,,,
-0.22154704949999998,0.00873437775,-0.04069556925,0.1710029999999989,0.046735500000000485,-0.3045472499999846,,,,,,
-0.0825900495,0.03794327775,0.00145563075,0.03240300000000218,0.05513549999999867,0.10705275000000825,,,,,,
0.2551529505,0.027317277749999997,0.07698843074999999,-0.16499699999999962,-0.01836450000000056,0.49135275000000433,,,,,,
-0.09882304950000001,-0.051012722249999996,0.04427043075,0.06390300000000337,-0.033064499999998276,0.5396527499999877,,,,,,
-0.0691080495,0.008940177749999998,-0.024252569249999998,0.12690299999999866,0.13493550000000099,0.19525275000000875,,,,,,
-0.0034662495,0.05564627775,-0.037209569250000005,0.10800299999999652,0.1496354999999987,-0.25624725000000126,,,,,,
0.0006098505000000002,0.0040639777499999995,0.08984043074999999,-0.04319700000000637,-0.1401645000000009,-0.3780472500000087,,,,,,
0.08624995049999999,-0.03868572225,0.01165953075,-0.11879700000000071,-0.012064500000001033,-0.11764725000000453,,,,,,
-0.015896149499999998,-0.13085472225,-0.029754569249999998,-0.13769700000000284,0.33443550000000144,0.1973527499999932,,,,,,
-0.039540049499999994,0.02874527775,-0.061632569250000005,0.08070299999999975,0.1811354999999999,0.41155274999999847,,,,,,
0.0130250505,0.09840227775,-0.007353869250000001,0.3642030000000034,0.038335499999998746,0.35065274999999474,,,,,,
0.0060698505000000005,-0.00310542225,0.012258030750000001,0.30330299999999966,-0.041464500000000015,0.04405274999999165,,,,,,
-0.1141110495,0.021941277749999998,-0.03901556925,-0.013796999999996729,0.038335499999998746,0.05245274999998628,,,,,,
0.0162653505,-0.08887572225,0.041309430749999994,-0.17339700000000136,0.1496354999999987,0.0020527500000184773,,,,,,
0.1271369505,-0.03267972225,0.0025497307499999992,0.09540300000000457,0.02153549999999882,-0.1806472499999927,,,,,,
0.09049195049999999,0.09565127775000001,-0.02201606925,0.11010300000000228,-0.093964500000002,0.016752749999994876,,,,,,
-0.053400049500000005,0.10407227775,-0.033975569250000004,0.30330299999999966,-0.13596450000000004,-0.36544724999998834,,,,,,
-0.18229804949999998,0.011201877749999999,-0.03233756925,0.0933029999999988,0.1832355000000021,-0.25204725000000394,,,,,,
0.07136095049999999,-0.17048172225,0.05762643074999999,-0.14609699999999748,0.13493550000000099,-0.06304725000001099,,,,,,
0.2179829505,0.013518177749999997,0.01765503075,-0.057897000000004084,0.17693549999999902,0.008352750000000242,,,,,,
-0.009520549499999998,0.09008627775,-9.416925000000015e-05,0.007202999999996962,0.11813550000000106,0.2708527500000173,,,,,,
-0.1141320495,0.036116277749999995,0.035093430749999995,0.03240300000000218,0.034135499999997876,0.14485275000001252,,,,,,
-0.1211670495,-0.02721972225,-0.02446256925,0.19620299999999702,-0.12126449999999878,0.12175274999998464,,,,,,
0.15042595050000002,-0.10265172225,-0.03214856925,0.06810300000000069,0.02363550000000103,0.0020527500000184773,,,,,,
0.041876950499999996,-0.02101212225,-0.00163976925,0.05550299999999453,0.20843550000000022,-0.11764725000000453,,,,,,
-0.1187310495,0.06297527775,0.04504743074999999,-0.09149700000000394,0.10763549999999711,0.02515274999998951,,,,,,
-0.1154340495,0.04115627775,0.00025443075,-0.01799700000000115,-0.24936449999999866,0.21415275000001088,,,,,,
-0.017983549499999998,-0.032721722249999995,0.01251423075,0.12900300000000442,-0.2157644999999988,0.11335275000001843,,,,,,
0.1759619505,-0.02541372225,-0.01775306925,0.17310299999999756,0.02363550000000103,0.03565274999999701,,,,,,
0.0535529505,-0.0005602222500000002,0.0001704307500000001,-0.03689700000000329,0.042535499999999615,-0.317147250000005,,,,,,
-0.19672504949999997,-0.040827722250000004,-0.0017720692500000001,0.07650300000000243,0.0509354999999978,-0.5439472500000022,,,,,,
0.0413519505,-0.13541172224999998,0.00257283075,0.1500029999999981,0.30713549999999756,-0.13864724999999112,,,,,,
0.20586595049999998,0.31951127774999993,0.03748743075,-0.049497000000002345,0.038335499999998746,0.3737527499999942,,,,,,
-0.044307049499999994,0.17729927775,-0.02353856925,0.0828029999999984,-0.1842644999999976,0.344352750000013,,,,,,
-0.19248304949999998,-0.43732872225,-0.06373256925000001,0.2970029999999966,0.034135499999997876,0.05245274999998628,,,,,,
0.0175484505,-0.13268172225,-0.02925056925,0.36630300000000204,0.1853354999999972,-0.29824725000000285,,,,,,
0.21357295049999997,0.33526127775,0.06430443074999999,-0.17759699999999867,0.011035499999998422,-0.4767472500000167,,,,,,
0.1421729505,0.15453527774999998,0.043787430749999995,-0.16499699999999962,0.08873549999999852,-0.34444725000000176,,,,,,
-0.3107970495,-0.16470672225,-0.025848569249999998,0.18360299999999796,0.0614354999999982,-0.11134724999999435,,,,,,
-0.1512810495,-0.25840872225000006,-0.02217776925,0.177303000000002,-0.11286450000000059,0.07135274999998842,,,,,,
0.27111295049999995,0.16005827775,-0.01653086925,0.2130029999999934,-0.40896449999999973,0.12385274999999751,,,,,,
0.08167195049999999,0.24958127774999997,-0.0003524692500000001,0.08070299999999975,-0.11076450000000193,0.02515274999998951,,,,,,
-0.16934104949999998,-0.12829272225,0.0024090307499999995,-0.14609699999999748,0.034135499999997876,-0.2751472500000034,,,,,,
-0.0166542495,-0.10017372224999999,-0.00179516925,0.15210299999999677,0.11813550000000106,-0.23104724999998894,,,,,,
0.12249595049999999,-0.019111622249999998,0.015143430750000002,0.03450300000000084,0.07613549999999947,-0.08404724999999758,,,,,,
0.0028547504999999994,-0.033666722249999996,-0.00217316925,0.11010300000000228,-0.007864500000000163,-0.09454725000000508,,,,,,
-0.1598070495,-0.017406422249999998,-0.03624356925,0.11850299999999692,-0.043564500000002226,-4.7250000022813765e-05,,,,,,
-0.0187059495,0.07897727775,0.02390043075,0.10170300000000054,-0.01626449999999835,-0.21634725000001254,,,,,,
0.1566839505,0.12429527775000002,0.05657643075,-0.013796999999996729,0.14753550000000004,-0.18484725000001845,,,,,,
0.09149995049999998,-0.00635412225,-0.03053156925,0.29910300000000234,0.15593549999999823,-0.09664724999998953,,,,,,
-0.0893310495,-0.14586972225,-0.02150576925,0.43770299999999907,-0.1905645000000007,-0.22684724999999162,,,,,,
-0.10907104949999999,-0.03072672225,0.0038013307499999995,0.16680299999999448,-0.21996449999999967,-0.34024725000000444,,,,,,
0.015410650499999998,0.06329027775,-0.0037208692499999998,0.0828029999999984,-0.16746450000000124,0.033552750000012566,,,,,,
0.0700379505,0.08970827775,-0.03271556925,0.003002999999999645,0.0005354999999980237,0.05875274999999647,,,,,,
0.0029156505,0.10896527774999999,0.025286430749999998,0.05970299999999895,0.042535499999999615,-0.1869472500000029,,,,,,
-0.0220260495,-0.11401272224999999,0.01526523075,0.06390300000000337,0.02993550000000056,-0.10084724999998684,,,,,,
-0.024252049499999997,-0.17818872225,-0.013931069249999999,0.16680299999999448,-0.1800645000000003,-0.10504725000001258,,,,,,
-0.0033381495,0.04575527775,-0.035529569250000004,0.16680299999999448,-0.02256450000000143,-0.2688472499999932,,,,,,
0.0109922505,0.09159827775,-0.023811569249999998,0.20040300000000144,-0.05616449999999773,-0.21634725000001254,,,,,,
0.014207350499999999,0.08261027775,0.05128443074999999,0.08910300000000149,-0.14436449999999823,-0.10084724999998684,,,,,,
-0.06047704949999999,-0.039063722249999995,0.03221643075,0.03030300000000352,0.03203549999999922,0.18055275000000393,,,,,,
0.06779095049999999,-0.02350272225,0.0061890307499999995,0.0366029999999995,0.02153549999999882,0.36115275000000224,,,,,,
0.05025595049999999,-0.024090722250000002,0.00277653075,0.13320299999999463,-0.01836450000000056,-0.027347250000019585,,,,,,
-0.0711450495,-0.09231972224999999,-0.03380756925,0.2382029999999986,-0.1506645000000013,-0.21214725000001522,,,,,,
-0.15140704949999997,0.07267727775,-0.023727569249999997,0.17940300000000065,-0.1716645000000021,-0.16384725000000344,,,,,,
0.0551279505,0.12635327775,-0.01758926925,0.05970299999999895,0.044635499999998274,0.0020527500000184773,,,,,,
0.3248729505,-0.02436372225,0.01787973075,-0.05369699999999966,0.07613549999999947,-0.03574725000001422,,,,,,
0.044858950499999994,-0.09378972224999998,0.033476430749999994,-0.1922969999999964,-0.19476450000000156,0.02935275000001525,,,,,,
-0.24107704949999997,-0.04824072225,0.0037278307499999997,0.0366029999999995,0.05513549999999867,0.16375275000001466,,,,,,
-0.1504830495,0.06765827775,-0.05039756925,0.19830299999999568,0.288235499999999,-0.10084724999998684,,,,,,
0.0258959505,0.06326927775,-0.023832569249999998,0.2130029999999934,0.02993550000000056,-0.22684724999999162,,,,,,
0.0993959505,-0.00767082225,0.02558043075,0.09120300000000015,-0.09606450000000066,0.05245274999998628,,,,,,
0.07167595049999999,-0.10664172224999999,0.0009201307499999999,0.22140300000000224,0.16223549999999776,0.08185275000002434,,,,,,
-0.0032562495000000003,0.012090177749999997,0.00955533075,0.011403000000001384,0.11603549999999885,0.11335275000001843,,,,,,
0.0336239505,0.12381227774999999,0.02736543075,-0.16709699999999827,-0.05616449999999773,0.04615275000000452,,,,,,
-0.021900049499999998,-0.02109402225,0.013293330750000002,-0.07469700000000046,-0.07506449999999987,-0.06514724999999544,,,,,,
-0.0796290495,-0.13081272224999999,-0.02406356925,0.08910300000000149,0.12443550000000059,-0.18274725000000558,,,,,,
-0.020833249499999998,0.01692227775,-0.03580256925,0.24030300000000437,-0.033064499999998276,-0.04834724999997775,,,,,,
0.052355950500000005,0.16822727775,-0.00820016925,0.1500029999999981,-0.30186450000000065,0.03775275000000988,,,,,,
0.027659950499999995,-0.07302072224999999,0.025328430750000002,-0.1355970000000042,-0.13176449999999917,-0.08614725000001044,,,,,,
-0.022887049499999996,-0.11730972225,0.0059559307499999995,-0.1397970000000015,0.22103549999999927,0.09235275000000343,,,,,,
-0.0849630495,0.03979127775,-0.04416056925,0.05970299999999895,0.11183550000000153,0.07975274999998305,,,,,,
0.0254759505,0.014276277749999998,0.010985430750000002,0.1458030000000008,-0.007864500000000163,0.09865274999998519,,,,,,
0.0485549505,-0.03870672225,0.051809430749999996,-0.01799700000000115,-0.012064500000001033,0.3527527500000076,,,,,,
-0.0598890495,-0.03555672225,0.020897430749999998,-0.19439700000000215,0.13703549999999964,0.31285274999999046,,,,,,
-0.007710349500000001,0.060686277749999996,0.011722530750000001,-0.11879700000000071,0.02363550000000103,0.18055275000000393,,,,,,
0.0682319505,0.09848627775,0.0024048307499999993,-0.15449700000000632,0.0950355000000016,0.031452749999999696,,,,,,
-0.0295020495,0.01691807775,-0.014997869249999999,0.12060299999999557,0.2399355000000014,-0.03364725000000135,,,,,,
0.0354719505,-0.06999672224999999,-0.02339156925,0.045003000000001236,0.08453549999999765,-0.012647249999986343,,,,,,
-0.0939090495,-0.09057672224999999,-0.014884469249999999,0.11010300000000228,0.19373549999999895,0.16375275000001466,,,,,,
-0.08036404949999999,0.03941327775,-0.032589569250000006,0.11220300000000094,-0.07506449999999987,0.18265274999998837,,,,,,
0.1913549505,0.01542077775,-0.00454196925,-0.03689700000000329,-0.07506449999999987,0.22465274999998996,,,,,,
0.0751409505,-0.08583072224999999,0.035912430749999995,-0.16289700000000096,0.16433549999999997,0.1364527500000179,,,,,,
-0.1303650495,0.02131127775,0.034358430749999995,-0.057897000000004084,0.09923549999999892,-0.17224724999999808,,,,,,
-0.0540300495,0.13878527775,0.0025161307499999993,0.09540300000000457,-0.06666450000000168,-0.17854724999997984,,,,,,
0.06730795049999999,-0.00743352225,-0.01346066925,-0.022196999999998468,0.1517355000000009,0.05875274999999647,,,,,,
0.060566950499999994,-0.16476972225,-0.03737756925,0.047102999999999895,0.12443550000000059,0.13015274999997928,,,,,,
-0.06784804950000001,0.01509947775,0.0034779307499999998,0.05130299999999721,0.07403549999999726,0.24145275000000765,,,,,,
-0.0989280495,0.22606127775,0.02751243075,-0.17969699999999733,-0.0918644999999998,0.12385274999999751,,,,,,
0.05888695049999999,-0.047694722249999995,0.02906643075,-0.14189700000000016,-0.08976450000000114,-0.09454725000000508,,,,,,
0.09842995049999999,-0.23992872224999998,-0.014773169249999999,0.08490299999999706,-0.06456449999999947,-0.039947250000011536,,,,,,
0.022913950500000002,0.00218027775,0.0037677307499999996,0.19410300000000547,-0.13386450000000139,-0.025247250000006716,,,,,,
-0.0536310495,0.19855127774999998,-0.03046856925,0.05130299999999721,0.12023549999999972,-0.06514724999999544,,,,,,
-0.1005660495,-0.053427722250000004,-0.03639056925,-0.0032969999999963306,0.03203549999999922,0.04615275000000452,,,,,,
0.0198206505,-0.10248372224999999,0.00698703075,0.03240300000000218,-0.02256450000000143,0.07135274999998842,,,,,,
0.0892109505,0.16606427775,0.03929343075,-0.013796999999996729,-0.043564500000002226,0.15745274999997605,,,,,,
-0.0344790495,-0.00248802225,0.024404430749999997,-0.05999700000000274,0.0929354999999994,-0.16804725000000076,,,,,,
0.0235649505,-0.19412772225,-0.01889756925,-0.022196999999998468,0.1853354999999972,-0.1239472499999863,,,,,,
-0.019989049499999998,0.020303277749999998,0.0017391307500000002,0.08700299999999572,0.19793549999999982,0.03775275000000988,,,,,,
-0.004501549499999999,0.13391327775,0.02385843075,0.0261029999999991,0.08033550000000034,-0.13234725000000935,,,,,,
0.06377995049999999,0.039245277749999995,-0.00316436925,-0.0032969999999963306,0.08663549999999987,0.0671527499999911,,,,,,
-0.0756810495,-0.07312572225,-0.041913569250000005,0.13110300000000308,-0.02466450000000009,-0.006347250000004578,,,,,,
-0.048465049499999996,-0.05617872225,-0.00511316925,0.05130299999999721,-0.014164500000003244,-0.06514724999999544,,,,,,
0.0398189505,-0.0007093222500000002,0.031943430749999994,0.09540300000000457,0.05513549999999867,-0.11974724999998898,,,,,,
-0.0622200495,0.024125277749999997,0.017894430750000002,0.045003000000001236,0.02993550000000056,-0.2730472499999905,,,,,,
0.07948795049999999,-0.03263772225,-0.03607556925,0.07650300000000243,-0.0813644999999994,-0.3045472499999846,,,,,,
0.10178995049999999,0.040925277749999996,0.00361023075,0.03030300000000352,-0.06036450000000215,-0.11974724999998898,,,,,,
-0.0914940495,0.027422277749999998,0.00351573075,0.04290300000000258,0.2273354999999988,-0.023147249999993846,,,,,,
-0.0324630495,-0.060273722249999995,-0.00427946925,0.021902999999994677,0.2756354999999999,-0.2436472500000093,,,,,,
0.0319229505,0.10508027775,-0.01227626925,0.17310299999999756,0.09713549999999671,0.016752749999994876,,,,,,
0.0523349505,-0.00744612225,6.123074999999983e-05,0.20040300000000144,-0.007864500000000163,-0.023147249999993846,,,,,,
-0.0221100495,-0.08566272224999999,0.017541630750000002,0.017703000000004465,0.015235499999999291,-0.17854724999997984,,,,,,
-0.15180604949999998,0.04817027775,-0.00435926925,0.05550299999999453,0.07613549999999947,-0.394847249999998,,,,,,
0.07518295049999998,0.016254477749999996,-0.007250969249999999,0.10590299999999786,-0.22206450000000189,-0.41164724999998725,,,,,,
0.18767995050000003,-0.04824072225,-0.0002663692500000001,0.24450299999999459,0.0005354999999980237,-0.18274725000000558,,,,,,
-0.06537004950000001,0.03809027775,-0.01730156925,0.12900300000000442,0.07613549999999947,0.0020527500000184773,,,,,,
-0.0379860495,0.023642277749999996,-0.010071269249999999,0.04290300000000258,-0.01626449999999835,-0.14914724999999862,,,,,,
-0.0195774495,0.01684877775,0.02314443075,0.124803,-0.10866449999999972,-0.2331472500000018,,,,,,
0.010465150500000001,-0.05714472225,-0.015317069249999999,0.1458030000000008,-0.10446449999999885,-0.08194725000001313,,,,,,
0.0223889505,-0.02381772225,-0.00410936925,-0.09779699999999991,0.08873549999999852,-0.26254725000001145,,,,,,
-0.037461049499999996,0.08956127775,0.01033653075,-0.06419700000000006,0.09713549999999671,-0.40744724999998994,,,,,,
0.0239219505,-0.00671532225,-0.018217169249999998,0.2235030000000009,0.013135500000000633,-0.25204725000000394,,,,,,
0.0622049505,-0.04664472225,-0.0034520692499999998,0.09750300000000323,0.12233549999999838,-0.1092472500000099,,,,,,
-0.0339750495,-0.00590262225,0.0020163307500000002,0.21720299999999781,0.16853550000000084,0.02515274999998951,,,,,,
-0.06835204950000001,0.04762427775,0.02301843075,-0.10829700000000031,-0.0057645000000015045,-0.12184725000000185,,,,,,
-0.0452730495,0.03590627774999999,0.01798263075,0.038702999999998156,-0.10236450000000374,-0.161747250000019,,,,,,
0.06695095049999998,-0.01692342225,-0.02807456925,0.22140300000000224,-0.11076450000000193,-0.15754725000002168,,,,,,
0.051347950499999996,-0.00632892225,-0.027696569249999997,0.301203000000001,-0.026764499999998748,-0.11974724999998898,,,,,,
0.0127289505,-0.04527972225,0.0053679307499999995,0.05130299999999721,-0.01626449999999835,-0.317147250000005,,,,,,
0.0088838505,0.034730277749999997,0.02205243075,-0.057897000000004084,0.06353550000000041,-0.23734724999999912,,,,,,
-0.0586080495,0.07345427775,0.0016509307500000001,-0.05999700000000274,-0.093964500000002,0.08605274999999324,,,,,,
-0.0192141495,-0.10624272224999998,-0.03349256925,0.06390300000000337,-0.0036644999999992933,0.21415275000001088,,,,,,
0.0409109505,-0.09381072224999999,-0.010537469249999999,0.10590299999999786,-0.03096450000000317,0.04405274999999165,,,,,,
-0.023391049499999997,0.15226727775,0.041540430749999996,0.21720299999999781,-0.093964500000002,-0.042047249999995984,,,,,,
-0.009539449499999998,0.02187827775,0.011189130750000002,0.13740299999999905,0.015235499999999291,0.004152750000002925,,,,,,
-0.0018597495000000001,-0.11819172224999999,-0.035529569250000004,0.02400300000000044,0.18743549999999942,-0.21424724999999967,,,,,,
-0.022257049499999997,0.03023627775,0.02093943075,-0.15239700000000056,-0.0015645000000006348,-0.29404725000000553,,,,,,
0.0133547505,0.11387927775,0.03944043074999999,-0.04529699999999792,0.05513549999999867,-0.161747250000019,,,,,,
-0.00047584949999999993,-0.01123452225,-0.00828416925,0.18990300000000104,0.13493550000000099,0.07555274999998574,,,,,,
0.0483659505,-0.12984672225,-0.035676569250000005,0.011403000000001384,-0.07086450000000255,0.19945275000000606,,,,,,
-0.0018786494999999998,0.03164327775,-0.00205346925,0.06810300000000069,-0.03516450000000049,0.09235275000000343,,,,,,
-0.08811304950000001,0.09080027775,-0.00123656925,0.13320299999999463,-0.041464500000000015,-0.11134724999999435,,,,,,
0.0337499505,-0.058656722249999994,-0.00558986925,0.08070299999999975,0.08663549999999987,-0.20374724999999216,,,,,,
0.10391095049999999,-0.04152072225,-0.02267756925,0.16470299999999582,-0.1254645000000032,-0.10294724999999971,,,,,,
-0.017859649499999998,0.018938277749999996,0.014780130749999999,0.10170300000000054,-0.0036644999999992933,0.07135274999998842,,,,,,
-0.0774030495,0.01154207775,0.036857430749999996,0.0828029999999984,-0.07926450000000074,0.2078527500000007,,,,,,
-0.0455880495,0.03439427775,-0.010713869249999999,-0.02009699999999981,0.046735500000000485,0.12385274999999751,,,,,,
0.0166370505,-0.03841272225,-0.00793346925,-0.01799700000000115,0.04043550000000096,0.08815275000000611,,,,,,
0.07835395049999999,-0.00331122225,0.02150643075,0.08070299999999975,0.044635499999998274,-0.1344472499999938,,,,,,
-0.0025380495,0.04663727775,0.00787953075,0.011403000000001384,0.0929354999999994,0.17845274999999106,,,,,,
-0.0552270495,-0.029592722249999998,-0.01014266925,-0.03689700000000329,0.11813550000000106,0.19525275000000875,,,,,,
0.0168722505,-0.04511172225,-0.00099086925,0.07020299999999935,-0.1380644999999987,0.1973527499999932,,,,,,
0.0226409505,-0.02259972225,-0.01900256925,-0.08939700000000528,-0.05826449999999994,0.03985274999999433,,,,,,
-0.058545049499999995,0.049535277749999995,-0.01653506925,0.021902999999994677,-0.17376450000000077,-0.021047249999980977,,,,,,
0.0088796505,0.013028877749999997,0.01261923075,-0.05579699999999832,0.0005354999999980237,0.033552750000012566,,,,,,
0.0255599505,-0.03015972225,0.02885643075,-0.06839699999999738,0.011035499999998422,-0.039947250000011536,,,,,,
0.011181250500000002,0.06746927775,0.00907233075,-0.18809699999999907,-0.007864500000000163,-0.03784724999999867,,,,,,
-0.052980049499999994,-0.015199322250000001,0.013986330750000001,-0.13769700000000284,-0.02466450000000009,-0.13864724999999112,,,,,,
-0.0063516495,-0.09336972225,-0.01946036925,0.1920029999999997,0.002635499999996682,-0.012647249999986343,,,,,,
0.0778709505,0.006472677749999999,-0.01854266925,0.15420300000000253,0.13073550000000012,0.2183527500000082,,,,,,
-0.009474349499999998,0.02471327775,-0.01119896925,0.07230299999999801,0.21263549999999753,-0.07774725000001581,,,,,,
-0.0663570495,-0.0053986222499999995,0.00898203075,0.00930299999999562,-0.0015645000000006348,-0.023147249999993846,,,,,,
0.030746950500000002,0.02492327775,0.008574630750000001,-0.17549700000000001,0.04043550000000096,0.08395275000000879,,,,,,
0.0213389505,-0.02331372225,0.01768443075,-0.13769700000000284,-0.03096450000000317,0.07555274999998574,,,,,,
-0.0108372495,0.02215127775,-0.00153686925,-0.04529699999999792,-0.0057645000000015045,-0.006347250000004578,,,,,,
-0.0133215495,0.055037277749999995,-0.01063616925,0.005102999999998303,-0.07716450000000208,-0.10294724999999971,,,,,,
-0.0689400495,-0.05132772225,-0.022564169250000002,0.10590299999999786,-0.041464500000000015,-0.11764725000000453,,,,,,
0.0598949505,-0.02526672225,0.00916473075,-0.057897000000004084,0.008935499999999763,-0.12604724999999917,,,,,,
0.0718649505,0.04132427775,0.020645430750000002,-0.21329699999999718,0.008935499999999763,-0.06934724999999275,,,,,,
-0.037419049499999996,-0.04225572225,-0.02036336925,0.00930299999999562,0.14333549999999917,0.014652750000010428,,,,,,
-0.0203733495,-0.02883672225,0.004395630750000001,0.1395029999999977,0.13073550000000012,-4.7250000022813765e-05,,,,,,
-0.031980049499999996,0.04827527775,0.0033897307499999997,-0.015896999999995387,0.06773549999999773,-0.039947250000011536,,,,,,
0.10300795049999999,0.01669967775,-0.00897506925,-0.04529699999999792,0.15803550000000044,0.02725275000000238,,,,,,
-0.014547949499999999,-0.04651872225,-0.00659156925,-0.05369699999999966,-0.041464500000000015,-0.16804725000000076,,,,,,
-0.1097010495,-0.01921662225,0.0019260307499999996,0.005102999999998303,0.07403549999999726,-0.056747250000000804,,,,,,
0.0478199505,0.06841427775,0.015582330749999998,0.1605029999999985,0.09923549999999892,0.0020527500000184773,,,,,,
0.0484079505,0.0014830777499999996,0.01043103075,0.04920300000000566,0.08873549999999852,-0.08194725000001313,,,,,,
-0.0504180495,-0.014476922250000001,-0.01491596925,-0.02009699999999981,0.01733549999999795,-0.008447249999989026,,,,,,
-0.0067296495000000005,0.008736477749999999,-0.01594076925,0.06600300000000203,-0.10446449999999885,-0.1344472499999938,,,,,,
0.0180188505,-0.02283072225,0.02450943075,-0.05999700000000274,0.04043550000000096,-0.11554724999999166,,,,,,
0.0327209505,-0.01806372225,-0.0006821692500000001,-0.05369699999999966,-0.06666450000000168,0.012552749999997559,,,,,,
0.0024158505,-0.0010957222500000002,-0.01881986925,0.11220300000000094,0.17483550000000037,0.04405274999999165,,,,,,
-0.0229500495,0.0006472777499999997,-0.01394366925,0.08070299999999975,0.013135500000000633,-0.09034725000000776,,,,,,
-0.0168264495,0.03559127775,0.014763330750000001,-0.11879700000000071,0.048835499999999143,0.014652750000010428,,,,,,
-0.024945049499999997,-0.00319782225,0.0065376307500000005,-0.20489700000000255,-0.06666450000000168,-0.3213472500000023,,,,,,
-0.0063117495,-0.013689422250000001,0.0035514307499999996,-0.20069700000000523,0.034135499999997876,-0.17224724999999808,,,,,,
0.0997949505,0.06163127775,0.00014103074999999993,-0.057897000000004084,0.08663549999999987,-0.1764472499999954,,,,,,
-0.026646049499999998,-0.03568272225,0.00041403075000000017,-0.04739699999999658,0.09083549999999718,-0.05884725000001367,,,,,,
-0.0987600495,-0.032952722250000004,-0.00341006925,0.16470299999999582,0.034135499999997876,0.06925275000000397,,,,,,
0.0626249505,0.0036964777500000006,0.00809163075,-0.0053970000000020946,0.015235499999999291,-0.05044724999999062,,,,,,
0.0393149505,-0.04347372225,-0.00783266925,-0.03899700000000195,-0.01836450000000056,-0.008447249999989026,,,,,,
-0.054702049499999995,0.033638277749999994,0.00102303075,0.021902999999994677,-0.012064500000001033,-0.025247250000006716,,,,,,
-0.0454200495,0.03038327775,0.0008655307499999998,0.02400300000000044,-0.08766449999999892,-0.1092472500000099,,,,,,
0.0365849505,0.006182877749999999,-0.006219869249999999,0.0828029999999984,0.11183550000000153,-0.25204725000000394,,,,,,
0.08830795049999998,0.02729627775,-0.011337569249999999,0.045003000000001236,0.048835499999999143,-0.0987472500000024,,,,,,
-0.0076725495000000005,-0.01624302225,-0.01006706925,-0.009596999999999412,-0.04776449999999954,0.033552750000012566,,,,,,
-0.06805804950000001,-0.039966722249999996,0.01573353075,0.0009030000000009863,0.01943550000000016,0.07555274999998574,,,,,,
-0.0169482495,0.019039077749999998,0.023396430750000002,-0.007497000000000753,0.05303550000000001,-0.12184725000000185,,,,,,
-0.00043174949999999994,0.00638447775,-0.00388886925,0.05550299999999453,-0.02256450000000143,-0.11554724999999166,,,,,,
0.0338759505,-0.02014902225,-0.015186869249999999,0.017703000000004465,0.034135499999997876,-0.07144725000000562,,,,,,
0.0421919505,-0.02056272225,-0.00088376925,-0.0032969999999963306,-0.0057645000000015045,-0.14704724999998575,,,,,,
-0.0267930495,0.03827927775,-0.0013436692500000001,-0.051597000000001,-0.02256450000000143,-0.06514724999999544,,,,,,
-0.029040049499999998,0.05409227775,-0.011102369249999999,-0.041097000000000605,-0.05616449999999773,0.1553527499999916,,,,,,
0.023291950500000002,-0.02135022225,0.00037623075,-0.03899700000000195,0.046735500000000485,0.10075274999999806,,,,,,
0.016133050500000003,-0.04958472225,0.004983630749999999,0.0261029999999991,0.12233549999999838,-0.15334724999999594,,,,,,
0.031040950499999997,0.010456377749999999,0.0025854307499999997,0.03030300000000352,0.027835499999998348,-0.31504725000002054,,,,,,
-0.009071149499999999,-0.00863262225,0.00317763075,0.017703000000004465,-0.0813644999999994,-0.14914724999999862,,,,,,
-0.07272004950000001,0.01820117775,-0.00397916925,0.09540300000000457,-0.03936450000000136,0.06295274999999378,,,,,,
-0.0248610495,0.043886277749999994,-0.01061306925,-0.022196999999998468,0.038335499999998746,0.18895274999999856,,,,,,
0.0133484505,-0.0075889222499999996,-0.00286826925,0.015602999999998701,0.1412355000000005,0.13015274999997928,,,,,,
0.055547950500000005,-0.07682172224999999,0.01311063075,0.005102999999998303,0.044635499999998274,0.014652750000010428,,,,,,
0.051263950499999995,-0.014552522250000002,0.01086993075,0.08070299999999975,0.10553549999999845,-0.15544724999998039,,,,,,
-0.0592170495,0.04243727775,0.00852843075,-0.11879700000000071,0.06773549999999773,-0.0315472500000169,,,,,,
-0.0593220495,0.0054226777499999995,-0.00623036925,-0.06839699999999738,-0.11916450000000012,-0.11764725000000453,,,,,,
0.0193817505,0.02215127775,-0.007051469249999999,0.05130299999999721,0.004735499999998893,-0.03364725000000135,,,,,,
0.0329729505,0.028283277749999995,-0.00177626925,0.07440299999999667,-0.03516450000000049,0.07135274999998842,,,,,,
-0.0040500495,-0.01747782225,-0.0011966692500000001,0.05760300000000029,0.02363550000000103,-0.021047249999980977,,,,,,
0.0304109505,-0.020008322250000002,0.00307263075,-0.011697000000005175,0.0005354999999980237,-0.1092472500000099,,,,,,
-0.0044784494999999995,-0.01379652225,-0.010004069249999999,0.07440299999999667,-0.01836450000000056,0.05455274999999915,,,,,,
-0.0797340495,-0.02053962225,-0.01342496925,0.05130299999999721,-0.014164500000003244,0.06085275000000934,,,,,,
0.0056603504999999995,0.021017277749999997,-0.01045346925,0.16470299999999582,0.013135500000000633,0.06295274999999378,,,,,,
0.0572699505,-0.01351932225,0.012594030750000002,0.04290300000000258,0.044635499999998274,0.03775275000000988,,,,,,
0.0126491505,0.0025876777500000005,0.02726043075,-0.09569700000000125,-0.026764499999998748,0.09865274999998519,,,,,,
-0.028284049500000002,0.04292027775,0.00978423075,-0.11249699999999763,-0.03516450000000049,0.1658527499999991,,,,,,
0.0028526504999999997,-0.03963072225,-0.00586286925,0.021902999999994677,-0.012064500000001033,-0.06094724999999812,,,,,,
0.0134513505,0.02492327775,-0.01740446925,0.12690299999999866,0.044635499999998274,0.010452750000013111,,,,,,
-0.0218139495,0.07803227775,-0.00116936925,0.04290300000000258,0.10553549999999845,0.03985274999999433,,,,,,
-0.012109849499999999,-0.05735472225,0.0024090307499999995,0.0009030000000009863,0.07613549999999947,0.10705275000000825,,,,,,
0.0441029505,-0.05565372225,0.00325953075,0.06180299999999761,-0.04776449999999954,0.06085275000000934,,,,,,
0.0264419505,0.03748127775,-0.00048896925,-0.007497000000000753,-0.043564500000002226,0.031452749999999696,,,,,,
-0.0473520495,-0.02367072225,-0.01096796925,0.11010300000000228,-0.0834645000000016,-0.11344725000000722,,,,,,
-0.0113370495,-0.027954722249999998,-0.00973946925,0.25290300000000343,0.038335499999998746,0.06505275000000665,,,,,,
0.0173846505,0.02477627775,-0.00910106925,0.25290300000000343,0.03623550000000009,0.11755275000001575,,,,,,
-0.0165345495,0.022928277749999997,-0.0008753692500000001,0.05340299999999587,-0.08556450000000027,0.12805274999999483,,,,,,
-0.009573049499999998,0.04035827775,0.01450713075,-0.12299700000000513,0.027835499999998348,0.15325275000000715,,,,,,
0.0165950505,-0.02381772225,0.034190430749999993,-0.015896999999995387,0.1412355000000005,0.07135274999998842,,,,,,
0.0226409505,-0.03660672225,0.01995243075,0.038702999999998156,0.06563549999999907,0.033552750000012566,,,,,,
-0.0021663495,0.033680277749999994,-0.0062240692499999995,-0.0725970000000018,-0.01836450000000056,-0.03784724999999867,,,,,,
-0.0297120495,-0.01577052225,-0.02958656925,0.04290300000000258,-0.014164500000003244,-0.07144725000000562,,,,,,
-0.0017715495,-0.04122672225,-0.019909769249999997,0.22980299999999687,0.02153549999999882,0.11755275000001575,,,,,,
0.0214649505,0.01025477775,-0.00019496925,0.1038029999999992,-0.03516450000000049,0.09865274999998519,,,,,,
0.0027686505000000003,0.005468877749999999,0.0028311307499999994,-0.09569700000000125,0.011035499999998422,0.1406527500000152,,,,,,
-0.022740049499999998,0.02952227775,-0.00422276925,-0.007497000000000753,0.015235499999999291,0.0419527500000072,,,,,,
-0.008749849499999999,0.03166427775,0.01662603075,0.0009030000000009863,-0.03096450000000317,-0.07564725000000294,,,,,,
0.010408450500000001,-0.038328722249999995,0.01260453075,0.04290300000000258,0.03203549999999922,0.09025274999999056,,,,,,
-0.0024981495,-0.03656472225,-0.01095956925,0.017703000000004465,0.02993550000000056,-0.029447250000004033,,,,,,
0.0169373505,0.00508667775,-0.0071060692499999994,-0.06839699999999738,0.12653549999999925,0.12385274999999751,,,,,,
0.0261059505,0.017705577749999996,0.00825753075,-0.06629699999999872,0.0509354999999978,0.2393527500000232,,,,,,
-0.0244200495,0.0002461777499999998,0.01521693075,0.04290300000000258,0.08873549999999852,0.11755275000001575,,,,,,
-0.053127049499999995,-0.01010052225,0.00890013075,-0.062096999999994296,0.015235499999999291,0.2015527499999905,,,,,,
0.0033272505,0.009975477749999998,-0.00612536925,0.0261029999999991,0.046735500000000485,0.13225274999999215,,,,,,
0.007056850499999999,-0.0028513222499999998,-0.013298969249999999,0.13320299999999463,0.06773549999999773,0.03565274999999701,,,,,,
0.005903950499999999,-0.01920402225,0.0005169307499999997,-0.022196999999998468,0.07193550000000215,-0.05884725000001367,,,,,,
0.0636329505,0.02555327775,-0.01217126925,-0.0053970000000020946,-0.07926450000000074,-0.09664724999998953,,,,,,
0.021695950500000002,0.013608477749999997,-0.011461469249999998,0.040802999999996814,0.04043550000000096,0.03565274999999701,,,,,,
-0.0540720495,-0.028689722249999997,0.00741963075,-0.05579699999999832,0.044635499999998274,-0.014747249999999212,,,,,,
-0.032715049499999996,-0.01359702225,0.02450943075,-0.10409700000000299,0.10343549999999979,0.09235275000000343,,,,,,
-6.21494999999999e-05,-0.00932562225,0.00201843075,-0.15239700000000056,0.05303550000000001,-0.01684724999998366,,,,,,
0.031523950499999995,0.023747277749999997,-0.0072278692499999995,0.011403000000001384,0.07823550000000168,0.008352750000000242,,,,,,
0.0108494505,0.02196227775,-0.00936776925,-0.07889699999999777,0.24203549999999652,0.02935275000001525,,,,,,
-0.0481080495,-0.02143422225,-0.00420806925,-0.01799700000000115,-0.009964499999998822,0.03775275000000988,,,,,,
0.0066914504999999996,0.01541657775,0.012405030749999999,0.013503000000000043,-0.026764499999998748,-0.029447250000004033,,,,,,
0.0634019505,-0.01347102225,0.00611763075,-0.09359699999999549,-0.16116449999999816,-0.012647249999986343,,,,,,
0.0070400505,-0.03291072225,-0.00793976925,-0.05579699999999832,0.05303550000000001,-0.09454725000000508,,,,,,
-0.0574320495,0.03874127775,0.00674133075,-0.09359699999999549,-0.03936450000000136,-0.11134724999999435,,,,,,
-0.016091449499999997,0.02462927775,-0.00112736925,-0.030597000000000207,0.02993550000000056,-0.09454725000000508,,,,,,
0.0423599505,-0.02059632225,-0.012797069249999998,0.12060299999999557,-0.09816449999999932,-0.054647250000016356,,,,,,
0.0183863505,-0.037530722249999995,-0.01309526925,0.003002999999999645,-0.049864500000001755,0.19525275000000875,,,,,,
-0.042060049499999995,-0.02212512225,0.0028038307500000002,-0.11459699999999629,0.002635499999996682,0.03565274999999701,,,,,,
-0.0521190495,0.04985027775,0.014169030749999999,-0.030597000000000207,0.02573549999999969,-0.09454725000000508,,,,,,
0.048722950499999994,0.014914677749999997,0.01013283075,0.13110300000000308,-0.0372645000000027,-0.1701472499999852,,,,,,
0.0611549505,-0.031965722249999995,-0.0007808692500000001,-0.022196999999998468,-0.007864500000000163,-0.13864724999999112,,,,,,
-0.0146970495,0.03027827775,-0.00669236925,-0.02849700000000155,0.013135500000000633,-0.14284724999998843,,,,,,
-0.026583049499999997,0.03920327775,0.00745953075,0.013503000000000043,0.17903549999999768,-0.023147249999993846,,,,,,
-0.0171729495,-0.02503572225,0.0012183307500000001,-0.07889699999999777,-0.02466450000000009,0.07345275000000129,,,,,,
0.0037871505,-0.06197472225,-0.011060369249999999,0.1815029999999993,0.02993550000000056,0.020952749999992193,,,,,,
0.0059690505,0.0032806777499999997,-0.00694856925,0.08910300000000149,-0.07506449999999987,-0.07984725000000026,,,,,,
0.0336659505,0.05547827775,-0.0027674692499999997,0.06390300000000337,-0.07926450000000074,-0.10504725000001258,,,,,,
0.0140477505,0.00886877775,-0.009632369249999998,-0.03689700000000329,-0.0036644999999992933,-0.0315472500000169,,,,,,
-0.0307830495,-0.03774072225,-0.0008585692500000001,-0.03899700000000195,-0.0813644999999994,0.14485275000001252,,,,,,
-0.021776149499999998,-0.0058144222499999995,0.01002573075,-0.06839699999999738,-0.02886450000000096,0.0419527500000072,,,,,,
0.0010235505,0.03609527775,0.00943353075,-0.034796999999997524,0.1811354999999999,-0.1764472499999954,,,,,,
-0.0036678495,0.02124827775,-0.00084806925,0.017703000000004465,0.015235499999999291,-0.03364725000000135,,,,,,
0.0202889505,-0.02921472225,-0.00057506925,0.07440299999999667,0.1517355000000009,0.006252750000015794,,,,,,
0.0198563505,-0.04189872225,0.007432230750000001,-0.009596999999999412,-0.054064500000002624,-0.1806472499999927,,,,,,
0.008167750500000001,0.030635277750000002,-0.0006821692500000001,0.05760300000000029,-0.009964499999998822,-0.027347250000019585,,,,,,
-0.0051147495,0.02021927775,-0.00869576925,0.14370300000000213,0.02363550000000103,0.014652750000010428,,,,,,
-0.0255750495,-0.01653912225,-0.007586969250000001,0.047102999999999895,0.0005354999999980237,0.006252750000015794,,,,,,
-0.0070152495,-0.01054572225,0.00218433075,0.09960300000000188,-0.054064500000002624,-0.039947250000011536,,,,,,
0.014894050500000002,0.009229977749999998,0.00443553075,-0.0011969999999976721,-0.033064499999998276,-0.05884725000001367,,,,,,
-0.007502449499999999,0.013033077749999998,-0.004388669249999999,0.21090300000000184,0.07193550000000215,-0.1092472500000099,,,,,,
-0.011345449499999999,0.011264877749999997,-0.012902069249999999,0.2277029999999982,-0.012064500000001033,0.05665275000001202,,,,,,
0.027533950499999998,-0.02627472225,-0.00320426925,0.017703000000004465,0.03623550000000009,-0.05254725000000349,,,,,,
0.0157298505,-0.01158312225,0.010983330749999999,0.011403000000001384,-0.0057645000000015045,-0.06304725000001099,,,,,,
-0.0255330495,0.05510027775,0.01499013075,0.07650300000000243,-0.014164500000003244,-0.0315472500000169,,,,,,
-0.0220680495,0.02240327775,-0.005810369249999999,0.08490299999999706,0.02573549999999969,0.03985274999999433,,,,,,
-0.0005304495,-0.04404072225,0.00550653075,-0.05999700000000274,0.046735500000000485,0.03775275000000988,,,,,,
0.0338759505,-0.04227672225,0.004328430750000001,0.10170300000000054,0.02993550000000056,0.14485275000001252,,,,,,
0.0227879505,-0.00021162225000000015,-0.00846686925,-0.049497000000002345,0.01733549999999795,0.023052750000005062,,,,,,
-0.051342049499999994,0.01121867775,-0.01305326925,0.07020299999999935,-0.0057645000000015045,-0.11974724999998898,,,,,,
-0.0323790495,-0.009140822250000001,0.00377613075,-0.14399699999999882,-0.0036644999999992933,0.048252749999988964,,,,,,
0.039545950499999996,0.00681917775,0.007535130750000001,-0.02849700000000155,-0.09606450000000066,-0.06724725000000831,,,,,,
0.0157046505,0.054134277749999994,0.00247833075,0.06600300000000203,0.05513549999999867,0.008352750000000242,,,,,,
-0.0025653495,0.015424977749999999,-0.00384266925,-0.049497000000002345,-0.0372645000000027,-0.01684724999998366,,,,,,
0.0010403505,-0.03400272225,0.00040143074999999997,0.003002999999999645,-0.11286450000000059,0.08395275000000879,,,,,,
-0.009892249499999999,-0.03160872225,0.00122253075,0.1143029999999996,-0.28296450000000206,0.09235275000000343,,,,,,
-0.023853049499999997,0.00569777775,-0.01053326925,0.0828029999999984,-0.014164500000003244,0.08395275000000879,,,,,,
-0.0313290495,0.00562637775,0.0040701307499999995,-0.051597000000001,-0.05826449999999994,0.03775275000000988,,,,,,
0.0194762505,-0.016442522249999997,0.024677430749999996,-0.10829700000000031,-0.10236450000000374,-0.027347250000019585,,,,,,
0.07016395049999999,0.009494577749999998,0.006688830750000001,-0.02009699999999981,0.17693549999999902,0.07345275000000129,,,,,,
0.018163750500000003,0.006544077749999999,-0.02242556925,0.11220300000000094,0.038335499999998746,0.10495274999999538,,,,,,
-0.0416190495,-0.01681002225,-0.01435736925,0.1605029999999985,0.034135499999997876,0.15115274999999428,,,,,,
-0.0431100495,0.00428447775,0.00552123075,0.07020299999999935,-0.043564500000002226,0.10075274999999806,,,,,,
0.0054419505,0.037544277749999994,0.013100130750000001,-0.034796999999997524,0.015235499999999291,0.15115274999999428,,,,,,
0.0327839505,-0.0014485222500000001,0.0008760307499999999,0.06180299999999761,-0.10026450000000153,-0.06934724999999275,,,,,,
-0.0106755495,-0.04099572225,0.00743853075,-0.02849700000000155,0.01733549999999795,-0.07564725000000294,,,,,,
-0.010429849499999998,0.0002629777499999998,0.0027429307499999994,0.08070299999999975,-0.07506449999999987,0.004152750000002925,,,,,,
0.027386950499999996,0.011369877749999998,-0.01334726925,0.22140300000000224,-0.1905645000000007,0.07345275000000129,,,,,,
-0.0028719495,-0.01831992225,-0.02181866925,0.03030300000000352,-0.10446449999999885,0.12175274999998464,,,,,,
-0.0464070495,0.00604637775,0.0037299307499999994,0.019802999999996018,0.0950355000000016,0.04405274999999165,,,,,,
0.0011894505,0.011170377749999998,0.025370430750000002,-0.13769700000000284,-0.0372645000000027,-0.14284724999998843,,,,,,
0.0486599505,0.0003049777499999997,0.01703973075,-0.09359699999999549,0.05723549999999733,-0.18274725000000558,,,,,,
0.0194321505,-0.00036072225000000015,-0.00283466925,0.09750300000000323,0.03623550000000009,-0.12814724999998361,,,,,,
-0.0434250495,-0.00837222225,-0.01376726925,0.0828029999999984,-0.05826449999999994,0.12805274999999483,,,,,,
-0.0470580495,-0.00227172225,-0.010195169249999999,0.040802999999996814,-0.041464500000000015,0.09655275000000074,,,,,,
0.024362950499999998,0.024881277749999996,0.0028626307499999997,0.013503000000000043,-0.007864500000000163,-0.012647249999986343,,,,,,
0.045068950499999996,-0.00827982225,0.00040773074999999985,-0.07889699999999777,-0.0372645000000027,-0.10294724999999971,,,,,,
-0.009125749499999999,-0.03744672225,0.00787113075,-0.007497000000000753,-0.02466450000000009,-0.006347250000004578,,,,,,
-0.0114063495,0.00861257775,0.01685703075,-0.05369699999999966,-0.04776449999999954,-0.05254725000000349,,,,,,
-0.0055620495,0.014893677749999997,-0.007416869249999999,-0.09359699999999549,0.03623550000000009,0.0020527500000184773,,,,,,
-8.314949999999998e-05,-0.00673212225,-0.021623369249999996,-0.02849700000000155,0.038335499999998746,0.17005274999999642,,,,,,
0.0019139505,0.0017602777499999996,-0.01409486925,-0.0032969999999963306,-0.05196450000000041,0.0020527500000184773,,,,,,
0.012575650499999999,0.009271977749999999,0.01058643075,-0.041097000000000605,-0.10866449999999972,-0.05884725000001367,,,,,,
-0.014999449499999998,0.008400477749999998,0.01021263075,-0.12089699999999937,0.03203549999999922,0.09235275000000343,,,,,,
-0.030867049499999997,0.00902417775,0.005924430750000001,-0.05579699999999832,-0.01626449999999835,0.07135274999998842,,,,,,
0.0066410505000000005,-0.0006253222500000001,0.0015900307500000001,0.14790299999999945,-0.0813644999999994,0.05875274999999647,,,,,,
0.0491639505,-0.02111082225,0.0030810307499999994,0.09750300000000323,-0.13176449999999917,-0.03574725000001422,,,,,,
0.0026237505000000004,-0.02312472225,0.00848853075,0.03450300000000084,0.02993550000000056,-0.042047249999995984,,,,,,
-0.0321690495,0.013593777750000001,-0.006608369249999999,0.05340299999999587,0.015235499999999291,-0.1239472499999863,,,,,,
0.015017950499999998,0.03143327775,-0.014008769249999999,-0.05369699999999966,-0.12336450000000099,-0.14284724999998843,,,,,,
0.019934050499999998,0.00928877775,-0.012034769249999999,0.013503000000000043,-0.0813644999999994,0.010452750000013111,,,,,,
-0.017641249499999997,-0.02168412225,-0.0041555692499999995,-0.011697000000005175,0.01943550000000016,-0.12184725000000185,,,,,,
-0.0136008495,-0.03803472225,0.0012540307500000002,0.047102999999999895,0.05303550000000001,-0.08614725000001044,,,,,,
0.026462950500000002,0.02288627775,0.0016383307499999995,-0.051597000000001,0.002635499999996682,-0.05254725000000349,,,,,,
0.007254250500000001,0.06606227775000001,0.00700803075,-0.03899700000000195,0.09713549999999671,-0.09034725000000776,,,,,,
-0.03706204949999999,-0.01006062225,0.00885813075,0.015602999999998701,0.1601354999999991,-0.042047249999995984,,,,,,
-0.0072567495,-0.06105072225,0.0034296307500000004,0.05130299999999721,-0.009964499999998822,-0.07144725000000562,,,,,,
0.0344219505,0.0026548777499999995,-0.00140036925,-0.009596999999999412,0.07403549999999726,-0.2058472499999766,,,,,,
0.021191950499999997,0.008896077749999998,-0.00031466924999999993,0.021902999999994677,-0.01626449999999835,-0.11134724999999435,,,,,,
-0.0100539495,-0.00740832225,-0.00841016925,0.03450300000000084,-0.14226450000000312,-0.006347250000004578,,,,,,
-0.017403949499999998,0.02750627775,-0.00291236925,-0.015896999999995387,0.013135500000000633,-0.01894724999999653,,,,,,
-0.003970249499999999,0.029543277749999996,-0.00554996925,-0.04319700000000637,0.09713549999999671,-0.1239472499999863,,,,,,
0.0025145504999999997,-0.00841842225,0.0003951307500000001,0.17520300000000333,0.02993550000000056,-0.1344472499999938,,,,,,
-0.019329649499999997,-0.03322572225,0.00236703075,0.16890300000000025,0.13703549999999964,-0.05254725000000349,,,,,,
0.012579850500000002,-0.00225282225,-0.00274646925,0.09750300000000323,0.0509354999999978,-0.06304725000001099,,,,,,
0.0258329505,0.009280377749999999,0.0002880307499999999,0.06810300000000069,-0.093964500000002,0.07135274999998842,,,,,,
-0.009037549499999999,-0.007418822249999999,0.0014640307500000003,-0.02009699999999981,-0.09606450000000066,0.06085275000000934,,,,,,
-0.0005598495,-0.01185192225,-0.00168596925,0.005102999999998303,-0.033064499999998276,0.023052750000005062,,,,,,
-0.0045120495,-0.0019273222500000003,0.00627513075,0.017703000000004465,0.0005354999999980237,-0.10084724999998684,,,,,,
-0.020795449499999997,0.02370527775,0.00883503075,-0.011697000000005175,0.04043550000000096,-0.06094724999999812,,,,,,
-0.0023049495,0.011714277749999998,0.00818193075,0.0009030000000009863,-0.02256450000000143,-0.1449472500000013,,,,,,
-0.0011394495,-0.02358672225,-0.00488426925,0.0933029999999988,-0.13386450000000139,0.02725275000000238,,,,,,
0.0148961505,0.009402177749999999,-0.00999776925,0.06810300000000069,-0.054064500000002624,-0.1344472499999938,,,,,,
0.0140834505,0.016464477749999998,-0.00186656925,0.02400300000000044,-0.13176449999999917,-0.07564725000000294,,,,,,
0.0216329505,-0.00606222225,-0.01146566925,0.08490299999999706,-0.093964500000002,-0.03364725000000135,,,,,,
-0.0209697495,-0.012782222250000001,-0.00211226925,0.03030300000000352,0.0614354999999982,0.07555274999998574,,,,,,
-0.0473100495,-0.00795852225,0.00558633075,-0.09359699999999549,-0.01836450000000056,-0.039947250000011536,,,,,,
0.0044360505,0.0020122777500000003,0.00472113075,0.040802999999996814,0.01943550000000016,0.048252749999988964,,,,,,
0.04708495049999999,0.02630927775,0.0005001307499999997,-0.05999700000000274,-0.10026450000000153,-0.05044724999999062,,,,,,
0.0129620505,-0.01297332225,0.005002530749999999,0.1563030000000012,-0.0372645000000027,-0.06934724999999275,,,,,,
-0.0177021495,-0.03412872225,-0.0021374692499999998,0.09120300000000015,-0.01626449999999835,-0.023147249999993846,,,,,,
-0.0052470495,0.01429307775,-0.00190646925,0.003002999999999645,-0.15696450000000084,-0.10504725000001258,,,,,,
-0.0063957495,0.01533887775,0.0018861307499999998,0.011403000000001384,-0.033064499999998276,0.06085275000000934,,,,,,
-0.0036258495,0.009685677749999998,0.00765063075,-0.013796999999996729,-0.026764499999998748,-0.042047249999995984,,,,,,
0.0080186505,0.00461417775,0.005103330749999999,-0.030597000000000207,0.06773549999999773,0.050352750000001834,,,,,,
0.0100871505,0.0019303777499999999,0.0017643307499999998,-0.04319700000000637,0.01733549999999795,-0.06094724999999812,,,,,,
-0.0037644494999999997,-0.01415772225,-0.013532069249999999,0.10800299999999652,0.03203549999999922,-0.12184725000000185,,,,,,
-0.0098082495,-0.01148442225,-0.01404656925,0.045003000000001236,0.011035499999998422,-0.07774725000001581,,,,,,
0.0012083505000000001,-0.00631842225,0.0010293307499999998,0.040802999999996814,0.002635499999996682,0.050352750000001834,,,,,,
-0.0071055495,-0.01506702225,-0.00552686925,-0.02849700000000155,-0.24516450000000134,-0.029447250000004033,,,,,,
-0.0027879495,0.013469877749999998,0.0054015307499999995,-0.09359699999999549,-0.14226450000000312,-0.010547250000001895,,,,,,
0.015345550500000003,0.018438477749999998,0.014759130750000002,0.1458030000000008,0.12653549999999925,0.1868527500000141,,,,,,
0.0145034505,0.004070277749999999,0.009950130750000001,0.03030300000000352,0.05513549999999867,0.07555274999998574,,,,,,
-0.010524349499999999,0.00542687775,-0.00100136925,0.1458030000000008,-0.014164500000003244,0.07345275000000129,,,,,,
-0.0269190495,0.0024280777500000003,-0.004289969249999999,0.1395029999999977,0.03623550000000009,0.0020527500000184773,,,,,,
-0.0087750495,-0.005449022249999999,0.00240063075,-0.034796999999997524,-0.01626449999999835,0.016752749999994876,,,,,,
0.0048266505,-0.03204972225,-0.0030110692499999998,0.040802999999996814,0.004735499999998893,0.10075274999999806,,,,,,
0.022913950500000002,-0.01516362225,-0.00584816925,-0.0011969999999976721,-0.10236450000000374,-0.08194725000001313,,,,,,
0.0329729505,0.022676277749999998,-0.00263516925,0.03240300000000218,0.02153549999999882,-0.1701472499999852,,,,,,
-0.016475749499999998,0.02259227775,-0.0029333692499999998,0.13320299999999463,0.07403549999999726,0.19315274999999588,,,,,,
-0.0321480495,-0.0009613222500000002,-0.00297746925,-0.07679699999999912,0.02153549999999882,0.1721527500000093,,,,,,
-0.0165009495,-0.01568442225,-0.00197996925,0.1605029999999985,-0.14436449999999823,-0.023147249999993846,,,,,,
-0.0045708495,-0.00784932225,0.005859330750000001,0.028202999999997758,0.0509354999999978,0.03985274999999433,,,,,,
0.0250139505,-0.01099932225,0.00977793075,0.047102999999999895,-0.012064500000001033,0.04615275000000452,,,,,,
0.0318179505,0.01498607775,0.00896313075,-0.030597000000000207,0.006835500000001105,-0.04834724999997775,,,,,,
2.185049999999997e-05,0.015605577749999999,0.0006051307499999998,0.05340299999999587,0.027835499999998348,0.06295274999999378,,,,,,
-0.008737249499999999,0.0028207777500000005,-0.007229969250000001,0.07650300000000243,0.05933549999999954,0.11335275000001843,,,,,,
-0.029355049499999997,0.0029425777499999996,-0.00636056925,0.015602999999998701,0.044635499999998274,0.11545275000000288,,,,,,
-0.0207324495,-0.025539722249999997,0.0023418307500000005,-0.0032969999999963306,-0.08556450000000027,-0.03574725000001422,,,,,,
0.036920950499999994,-0.00868512225,-0.00349616925,-0.04319700000000637,-0.09606450000000066,-0.20794724999998948,,,,,,
0.0201545505,0.00836477775,0.00233343075,0.124803,-0.2115645000000015,-4.7250000022813765e-05,,,,,,
-0.0240000495,0.013413177749999998,-0.00202826925,0.05970299999999895,-0.06036450000000215,0.07135274999998842,,,,,,
0.0082811505,0.012073377749999998,-0.011257769249999999,0.05970299999999895,-0.045664500000000885,-0.04414724999998043,,,,,,
0.0083126505,-0.024888722250000002,-0.00707036925,0.05340299999999587,0.04043550000000096,0.05455274999999915,,,,,,
-0.008798149499999998,-0.02087142225,0.00727473075,0.02400300000000044,0.04043550000000096,0.08185275000002434,,,,,,
-0.0145542495,0.033722277749999995,0.016126230749999998,0.06180299999999761,0.06983549999999994,0.06505275000000665,,,,,,
-0.0052638495,0.02538527775,0.013805730750000002,-0.022196999999998468,0.002635499999996682,0.19315274999999588,,,,,,
0.024131950500000002,-0.01944762225,-0.00431936925,0.017703000000004465,-0.11496449999999925,-0.14914724999999862,,,,,,
0.0078485505,-0.02793372225,-0.007528169249999999,-0.034796999999997524,-0.07506449999999987,-0.0462472499999933,,,,,,
-0.0329040495,-0.01831152225,-0.00766676925,0.14160300000000348,-0.0834645000000016,-0.11764725000000453,,,,,,
-0.0206862495,0.02355827775,-0.00309086925,-0.015896999999995387,-0.03936450000000136,-0.012647249999986343,,,,,,
0.0231449505,0.03365927775,-0.00182876925,-0.05369699999999966,0.042535499999999615,0.10495274999999538,,,,,,
0.028562950500000003,0.0025876777500000005,0.00018723074999999964,-0.032696999999998866,-0.05826449999999994,-0.11134724999999435,,,,,,
-0.0015216494999999999,-0.01203672225,0.00595383075,0.017703000000004465,-0.10026450000000153,0.020952749999992193,,,,,,
-0.010503349499999998,-0.02648472225,0.00021663075000000025,0.08070299999999975,-0.11076450000000193,0.016752749999994876,,,,,,
0.0010739505,-0.01742952225,-0.00262256925,-0.0011969999999976721,-0.0372645000000027,-0.0987472500000024,,,,,,
-0.014585749499999998,0.02276027775,-0.00571796925,0.03030300000000352,-0.10866449999999972,-0.07144725000000562,,,,,,
-0.006742249499999999,0.023747277749999997,0.0017727307500000002,0.0009030000000009863,0.05513549999999867,-0.014747249999999212,,,,,,
0.0040349504999999996,-0.005404922249999999,0.01110093075,-0.011697000000005175,0.04043550000000096,-0.027347250000019585,,,,,,
0.012481150500000001,-0.00692742225,0.00603153075,-0.08099699999999643,-0.1254645000000032,0.02935275000001525,,,,,,
0.006082450499999999,0.0033163777499999993,-0.00470576925,-0.04739699999999658,-0.11286450000000059,0.05455274999999915,,,,,,
-0.0099762495,0.0034927777499999995,-0.00568226925,0.04920300000000566,-0.033064499999998276,-0.014747249999999212,,,,,,
-0.0106377495,-0.00492402225,-0.00488006925,0.03240300000000218,-0.026764499999998748,0.02515274999998951,,,,,,
0.016105750500000002,-0.014378222250000001,-0.00032306925000000035,0.06390300000000337,0.013135500000000633,-0.056747250000000804,,,,,,
0.0247409505,-0.00689802225,0.005304930750000001,-0.02849700000000155,-0.0057645000000015045,-0.17224724999999808,,,,,,
-0.0018639495,0.017407377749999998,0.00024813074999999966,0.16680299999999448,-0.03516450000000049,-0.05884725000001367,,,,,,
-0.026226049499999998,0.018463677749999997,-0.00577886925,0.05760300000000029,-0.03096450000000317,-0.01894724999999653,,,,,,
-0.0129120495,-0.01114212225,-0.010625669249999999,0.017703000000004465,-0.10236450000000374,-0.04414724999998043,,,,,,
0.007554550500000001,-0.006919022249999999,0.0011742307499999997,0.003002999999999645,-0.020464500000002772,-4.7250000022813765e-05,,,,,,
0.010038850500000002,0.01445267775,0.00390423075,0.16260300000000427,0.13073550000000012,0.07345275000000129,,,,,,
0.0088376505,0.012995277749999999,0.0038790307500000004,0.013503000000000043,0.06773549999999773,-0.03574725000001422,,,,,,
-0.0008685494999999999,-0.01430052225,0.00408063075,0.09540300000000457,0.08663549999999987,0.07555274999998574,,,,,,
-0.008892649499999999,-0.031293722249999996,0.0065880307499999995,0.13740299999999905,-0.08766449999999892,0.06925275000000397,,,,,,
0.0054671505,0.0061492777499999995,-0.0008900692499999999,0.08070299999999975,0.02993550000000056,0.1028527499999825,,,,,,
0.0102005505,0.01844477775,-0.00219416925,0.1458030000000008,-0.07086450000000255,-0.15334724999999594,,,,,,
0.0061958505,0.00014537774999999996,-0.0015158692499999999,0.07650300000000243,-0.02886450000000096,-0.06514724999999544,,,,,,
-0.011171149499999998,-0.00442002225,-0.00271286925,-0.08519700000000086,-0.08976450000000114,-0.10084724999998684,,,,,,
-0.0202599495,-0.018225422249999998,-0.00571586925,0.07860300000000109,0.03203549999999922,-0.09454725000000508,,,,,,
-0.0093987495,0.00792167775,0.00283953075,-0.02009699999999981,0.07193550000000215,-0.05044724999999062,,,,,,
-0.0013074494999999998,0.03487727775,0.00472113075,0.05340299999999587,0.011035499999998422,-0.01894724999999653,,,,,,
0.0098813505,-0.00990522225,-0.00112106925,0.03240300000000218,0.01943550000000016,0.008352750000000242,,,,,,
0.012441250499999999,-0.005560322249999999,-0.00246086925,0.015602999999998701,0.02363550000000103,0.048252749999988964,,,,,,
0.004247050499999999,-0.00721092225,-0.0016880692499999998,-0.030597000000000207,-0.08766449999999892,-0.05044724999999062,,,,,,
-0.0023784495,-0.0052768222499999995,0.00021243075000000004,-0.034796999999997524,-0.03516450000000049,-0.021047249999980977,,,,,,
-0.018668149499999998,0.01272437775,0.00353253075,-0.0032969999999963306,-0.0372645000000027,0.020952749999992193,,,,,,
0.015530350499999998,-0.015088022250000001,0.00471063075,-0.07679699999999912,0.06983549999999994,-0.10294724999999971,,,,,,
0.024761950499999998,-0.014768822250000002,0.007024830749999999,-0.0830970000000022,-0.0372645000000027,0.031452749999999696,,,,,,
-0.0179184495,0.00743657775,0.00111333075,-0.03899700000000195,0.03623550000000009,-4.7250000022813765e-05,,,,,,
-0.0161208495,0.00395687775,-0.008716769249999999,0.04290300000000258,0.042535499999999615,-0.07354724999999007,,,,,,
0.0060908505,0.025364277749999997,-0.012803369249999998,0.16890300000000025,-0.05826449999999994,0.03985274999999433,,,,,,
0.004570450499999999,0.025679277749999996,-0.00437396925,0.08490299999999706,-0.0057645000000015045,0.012552749999997559,,,,,,
-0.0097410495,-0.01539462225,-0.0010979692500000002,-0.0725970000000018,-0.07086450000000255,-0.06094724999999812,,,,,,
-0.0016581495,-0.02692572225,0.00589923075,-0.011697000000005175,0.06983549999999994,-0.014747249999999212,,,,,,
0.024782950499999998,0.0017602777499999996,0.007543530749999999,-0.01799700000000115,0.082435499999999,0.06295274999999378,,,,,,
-0.0028929495,0.002264277749999999,0.009765330749999999,-0.0053970000000020946,0.08873549999999852,0.02935275000001525,,,,,,
-0.022971049499999997,-0.006870722249999999,-0.00234746925,0.0366029999999995,-0.043564500000002226,-0.09454725000000508,,,,,,
0.013457650500000001,-0.00583962225,-0.00789986925,0.06390300000000337,-0.08976450000000114,-0.11764725000000453,,,,,,
0.0202679505,0.013427877749999997,-0.00809096925,0.03030300000000352,-0.1506645000000013,0.03985274999999433,,,,,,
-0.004163449499999999,0.00501107775,-0.00201566925,-0.015896999999995387,-0.09816449999999932,-0.027347250000019585,,,,,,
-0.0258060495,-0.01888692225,0.0028857307499999996,-0.04739699999999658,-0.01626449999999835,-0.01894724999999653,,,,,,
-0.0062382495,0.00467717775,0.00629823075,-0.01799700000000115,-0.041464500000000015,0.020952749999992193,,,,,,
0.026504950500000003,0.03710327775,0.00871113075,0.040802999999996814,0.05723549999999733,0.08395275000000879,,,,,,
0.0011012505,-0.00384672225,0.0014766307499999996,0.05340299999999587,0.011035499999998422,0.03565274999999701,,,,,,
-0.0211314495,-0.024426722249999998,-0.00344156925,0.007202999999996962,0.06983549999999994,0.10705275000000825,,,,,,
-0.00031414949999999996,-0.006685922249999999,-0.00574946925,0.021902999999994677,0.02573549999999969,0.05455274999999915,,,,,,
0.0111980505,-0.00337632225,-0.010846169249999999,0.03450300000000084,-0.026764499999998748,0.06925275000000397,,,,,,
-0.0057363495,-0.00019482225000000007,-0.0028115692499999997,0.047102999999999895,-0.0036644999999992933,-0.023147249999993846,,,,,,
-0.0037518495,0.00580067775,0.005571630750000001,-0.13139699999999976,-0.0015645000000006348,-0.0021472500000072614,,,,,,
0.007313050499999999,-0.00943902225,0.00881823075,-0.09359699999999549,0.0929354999999994,0.008352750000000242,,,,,,
-0.0063936495,-0.00384672225,0.011145030750000002,0.03240300000000218,0.17273549999999815,0.016752749999994876,,,,,,
-0.023013049499999997,0.00919847775,0.005792130749999999,-0.011697000000005175,0.0509354999999978,0.004152750000002925,,,,,,
0.0044654505,0.00812537775,-0.00190436925,-0.10619700000000165,0.10973549999999932,-0.01684724999998366,,,,,,
0.0254549505,-0.0005182222500000001,-0.00690236925,0.08910300000000149,0.01733549999999795,-0.012647249999986343,,,,,,
-0.0006627495,-0.012580622250000001,0.00035313075000000015,0.12060299999999557,-0.10446449999999885,0.006252750000015794,,,,,,
-0.0107847495,-0.00281142225,-0.00067166925,0.038702999999998156,0.008935499999999763,-4.7250000022813765e-05,,,,,,
0.0056372505,-0.00170472225,-0.00244196925,-0.03689700000000329,-0.09816449999999932,-0.042047249999995984,,,,,,
-0.0056082495,-0.01899822225,-0.00281996925,0.08910300000000149,0.038335499999998746,0.07555274999998574,,,,,,
